0 87
1 72
2 60
3 23
4 78
5 87
6 25
7 97
8 19
9 90
10 58
11 15
12 65
13 19
14 36
15 40
16 74
17 7
18 93
19 81
20 27
21 84
22 75
23 60
24 57
25 87
26 15
27 56
28 9
29 71
30 85
31 48
32 12
33 25
34 95
35 54
36 73
37 42
38 30
39 44
40 91
41 87
42 46
43 55
44 66
45 34
46 61
47 24
48 16
49 63
50 59
51 77
52 76
53 25
54 94
55 48
56 91
57 70
58 81
59 74
60 16
61 48
62 81
63 34
64 79
65 92
66 56
67 9
68 52
69 38
70 37
71 50
72 45
73 34
74 13
75 61
76 61
77 28
78 90
79 59
80 43
81 73
82 57
83 77
84 83
85 73
86 92
87 98
88 42
89 62
90 47
91 32
92 36
93 64
94 6
95 12
96 25
97 96
98 60
99 53
100 41
101 58
102 71
103 95
104 28
105 91
106 50
107 63
108 54
109 83
110 69
111 97
112 8
113 84
114 40
115 84
116 31
117 62
118 72
119 32
120 73
121 46
122 20
123 13
124 7
125 20
126 21
127 70
128 71
129 97
130 34
131 99
132 91
133 50
134 79
135 34
136 70
137 81
138 83
139 4
140 9
141 92
142 68
143 32
144 66
145 58
146 0
147 89
148 50
149 28
150 97
151 48
152 9
153 45
154 93
155 79
156 10
157 7
158 28
159 47
160 83
161 57
162 69
163 47
164 87
165 3
166 61
167 76
168 12
169 38
170 42
171 17
172 60
173 96
174 37
175 98
176 83
177 61
178 87
179 75
180 75
181 71
182 71
183 66
184 69
185 31
186 46
187 50
188 71
189 16
190 49
191 32
192 65
193 72
194 0
195 41
196 20
197 98
198 14
199 70
200 23
201 0
202 64
203 19
204 48
205 47
206 33
207 73
208 73
209 88
210 30
211 84
212 86
213 40
214 40
215 36
216 17
217 6
218 5
219 46
220 70
221 99
222 6
223 52
224 24
225 51
226 96
227 98
228 89
229 9
230 44
231 47
232 26
233 59
234 10
235 39
236 37
237 42
238 68
239 93
240 64
241 7
242 38
243 65
244 27
245 41
246 38
247 88
248 39
249 29
250 68
251 12
252 67
253 84
254 47
255 16
256 11
257 19
258 15
259 0
260 60
261 81
262 35
263 44
264 33
265 65
266 4
267 91
268 25
269 69
270 82
271 12
272 54
273 26
274 49
275 60
276 82
277 59
278 6
279 16
280 54
281 47
282 83
283 32
284 1
285 96
286 65
287 56
288 89
289 86
290 52
291 51
292 2
293 68
294 78
295 54
296 71
297 92
298 7
299 13
300 24
301 2
302 53
303 86
304 21
305 1
306 14
307 66
308 40
309 71
310 44
311 35
312 3
313 19
314 37
315 72
316 48
317 65
318 7
319 4
320 27
321 29
322 40
323 31
324 90
325 41
326 43
327 80
328 50
329 37
330 1
331 4
332 5
333 72
334 5
335 41
336 26
337 94
338 56
339 85
340 13
341 3
342 2
343 45
344 75
345 94
346 90
347 35
348 94
349 55
350 89
351 91
352 33
353 48
354 18
355 5
356 93
357 6
358 0
359 65
360 85
361 13
362 17
363 39
364 99
365 63
366 86
367 30
368 74
369 52
370 18
371 37
372 19
373 39
374 76
375 14
376 69
377 33
378 83
379 75
380 88
381 88
382 70
383 37
384 29
385 76
386 89
387 8
388 67
389 0
390 86
391 7
392 2
393 51
394 4
395 12
396 9
397 97
398 11
399 79
400 86
401 63
402 80
403 55
404 62
405 12
406 36
407 48
408 4
409 85
410 55
411 37
412 95
413 17
414 85
415 25
416 6
417 68
418 61
419 11
420 21
421 27
422 38
423 8
424 56
425 79
426 5
427 98
428 89
429 69
430 35
431 22
432 10
433 5
434 38
435 54
436 79
437 35
438 54
439 57
440 39
441 14
442 21
443 49
444 15
445 55
446 40
447 29
448 23
449 28
450 62
451 29
452 10
453 57
454 96
455 4
456 52
457 82
458 32
459 31
460 67
461 16
462 30
463 64
464 38
465 66
466 10
467 94
468 98
469 30
470 59
471 28
472 26
473 80
474 31
475 43
476 56
477 99
478 22
479 67
480 62
481 88
482 42
483 53
484 75
485 20
486 17
487 93
488 77
489 18
490 33
491 32
492 15
493 72
494 17
495 85
496 44
497 46
498 20
499 64
500 43
501 18
502 36
503 67
504 83
505 31
506 62
507 13
508 22
509 2
510 70
511 57
512 36
513 3
514 78
515 0
516 43
517 11
518 43
519 7
520 14
521 50
522 0
523 83
524 79
525 38
526 48
527 80
528 15
529 59
530 89
531 28
532 74
533 87
534 5
535 10
536 52
537 92
538 58
539 51
540 47
541 54
542 93
543 9
544 81
545 22
546 73
547 80
548 21
549 72
550 74
551 27
552 63
553 21
554 39
555 74
556 10
557 40
558 62
559 1
560 44
561 69
562 88
563 84
564 16
565 17
566 30
567 23
568 43
569 74
570 10
571 20
572 31
573 84
574 74
575 51
576 10
577 18
578 82
579 49
580 92
581 53
582 35
583 23
584 1
585 87
586 99
587 97
588 54
589 92
590 90
591 12
592 31
593 22
594 81
595 76
596 91
597 28
598 44
599 90
600 97
601 94
602 49
603 23
604 26
605 29
606 12
607 86
608 10
609 22
610 11
611 95
612 98
613 47
614 30
615 34
616 78
617 14
618 45
619 11
620 87
621 65
622 33
623 60
624 89
625 18
626 43
627 45
628 14
629 53
630 46
631 80
632 95
633 60
634 5
635 44
636 42
637 25
638 42
639 26
640 88
641 32
642 51
643 93
644 70
645 97
646 0
647 20
648 83
649 24
650 26
651 96
652 93
653 99
654 9
655 22
656 6
657 1
658 62
659 28
660 40
661 36
662 42
663 98
664 65
665 24
666 58
667 43
668 5
669 48
670 99
671 58
672 96
673 77
674 76
675 14
676 29
677 97
678 20
679 19
680 15
681 80
682 28
683 92
684 50
685 15
686 76
687 90
688 24
689 69
690 88
691 69
692 40
693 1
694 29
695 2
696 74
697 71
698 11
699 51
700 29
701 49
702 35
703 18
704 78
705 78
706 31
707 34
708 79
709 39
710 52
711 34
712 94
713 63
714 58
715 94
716 43
717 17
718 6
719 53
720 76
721 12
722 4
723 73
724 61
725 3
726 86
727 86
728 36
729 14
730 7
731 56
732 53
733 99
734 36
735 4
736 55
737 59
738 46
739 42
740 93
741 27
742 67
743 2
744 19
745 38
746 54
747 75
748 45
749 98
750 27
751 45
752 8
753 3
754 37
755 39
756 33
757 64
758 24
759 81
760 16
761 62
762 78
763 78
764 75
765 96
766 90
767 18
768 86
769 84
770 51
771 41
772 20
773 2
774 37
775 93
776 1
777 82
778 44
779 24
780 14
781 98
782 17
783 11
784 72
785 94
786 89
787 58
788 85
789 25
790 59
791 25
792 7
793 67
794 57
795 34
796 60
797 61
798 91
799 77
800 36
801 3
802 92
803 39
804 64
805 41
806 2
807 64
808 22
809 45
810 66
811 44
812 55
813 13
814 91
815 80
816 66
817 81
818 46
819 75
820 95
821 73
822 53
823 68
824 70
825 63
826 95
827 66
828 99
829 96
830 67
831 92
832 20
833 8
834 33
835 68
836 9
837 33
838 16
839 15
840 47
841 66
842 26
843 35
844 23
845 78
846 5
847 11
848 87
849 72
850 76
851 90
852 0
853 77
854 62
855 59
856 73
857 85
858 77
859 34
860 23
861 26
862 4
863 49
864 33
865 32
866 41
867 51
868 16
869 82
870 81
871 35
872 27
873 13
874 80
875 46
876 3
877 79
878 57
879 60
880 53
881 29
882 8
883 8
884 82
885 30
886 94
887 74
888 1
889 68
890 21
891 2
892 99
893 35
894 11
895 90
896 55
897 18
898 21
899 39
900 38
901 80
902 66
903 67
904 71
905 63
906 95
907 79
908 50
909 25
910 23
911 24
912 17
913 52
914 58
915 85
916 91
917 89
918 61
919 8
920 30
921 95
922 55
923 3
924 59
925 49
926 22
927 49
928 77
929 8
930 82
931 9
932 77
933 46
934 23
935 6
936 6
937 76
938 69
939 8
940 56
941 65
942 57
943 1
944 53
945 95
946 64
947 52
948 56
949 82
950 19
951 78
952 84
953 45
954 24
955 27
956 26
957 19
958 63
959 18
960 15
961 63
962 51
963 68
964 70
965 55
966 45
967 42
968 88
969 61
970 75
971 21
972 84
973 21
974 41
975 77
976 68
977 27
978 22
979 96
980 49
981 41
982 97
983 56
984 88
985 72
986 57
987 13
988 32
989 50
990 30
991 82
992 31
993 85
994 64
995 13
996 52
997 58
998 3
999 67
