12 66 3
1 9 2 8 3 12 4 10 5 13 6 8 7 11 8 7 9 10 10 7 11 9
0 9 2 6 3 9 4 13 5 8 6 10 7 13 8 11 9 10 10 12 11 19
0 8 1 6 3 6 4 11 5 8 6 4 7 7 8 13 9 7 10 11 11 13
0 12 1 9 2 6 4 6 5 10 6 5 7 8 8 8 9 11 10 9 11 11
0 10 1 13 2 11 3 6 5 7 6 6 7 13 8 6 9 15 10 12 11 12
0 13 1 8 2 8 3 10 4 7 6 6 7 12 8 10 9 9 10 5 11 13
0 8 1 10 2 4 3 5 4 6 5 6 7 8 8 14 9 6 10 9 11 0
0 11 1 13 2 7 3 8 4 13 5 12 6 8 8 9 9 5 10 7 11 5
0 7 1 11 2 13 3 8 4 6 5 10 6 14 7 9 9 6 10 7 11 8
0 10 1 10 2 7 3 11 4 15 5 9 6 6 7 5 8 6 10 5 11 11
0 7 1 12 2 11 3 9 4 12 5 5 6 9 7 7 8 7 9 5 11 9
0 9 1 19 2 13 3 11 4 12 5 13 6 0 7 5 8 8 9 11 10 9
