100 4950 20
1 11 2 10 3 8 4 5 5 7 6 11 7 7 8 10 9 7 10 7 11 10 12 9 13 8 14 10 15 9 16 10 17 10 18 8 19 8 20 8 21 9 22 9 23 7 24 6 25 11 26 11 27 4 28 9 29 6 30 13 31 9 32 10 33 8 34 9 35 10 36 5 37 5 38 11 39 10 40 6 41 7 42 12 43 9 44 11 45 7 46 7 47 11 48 11 49 10 50 10 51 12 52 11 53 8 54 11 55 10 56 11 57 11 58 11 59 8 60 10 61 10 62 11 63 14 64 10 65 11 66 9 67 9 68 7 69 10 70 10 71 10 72 10 73 14 74 9 75 6 76 9 77 12 78 11 79 10 80 9 81 11 82 8 83 14 84 11 85 10 86 10 87 7 88 10 89 7 90 8 91 11 92 9 93 8 94 11 95 12 96 11 97 10 98 7 99 10
0 11 2 8 3 11 4 11 5 9 6 10 7 7 8 10 9 9 10 11 11 12 12 11 13 8 14 5 15 6 16 8 17 9 18 7 19 10 20 8 21 8 22 10 23 8 24 11 25 8 26 8 27 11 28 9 29 10 30 8 31 9 32 8 33 9 34 9 35 10 36 11 37 10 38 8 39 4 40 11 41 11 42 15 43 10 44 12 45 9 46 11 47 9 48 8 49 11 50 8 51 10 52 10 53 16 54 8 55 7 56 8 57 10 58 10 59 10 60 9 61 10 62 10 63 7 64 8 65 9 66 11 67 10 68 9 69 9 70 11 71 13 72 7 73 7 74 8 75 9 76 10 77 9 78 9 79 8 80 12 81 4 82 11 83 7 84 13 85 7 86 11 87 10 88 9 89 11 90 11 91 7 92 8 93 10 94 9 95 10 96 6 97 10 98 10 99 8
0 10 1 8 3 10 4 8 5 8 6 12 7 8 8 8 9 10 10 10 11 13 12 8 13 8 14 9 15 9 16 8 17 8 18 6 19 10 20 10 21 7 22 12 23 10 24 10 25 14 26 7 27 5 28 11 29 9 30 8 31 8 32 8 33 10 34 8 35 7 36 8 37 9 38 10 39 9 40 7 41 9 42 8 43 11 44 13 45 8 46 9 47 8 48 13 49 8 50 6 51 9 52 6 53 9 54 10 55 9 56 12 57 10 58 10 59 9 60 9 61 10 62 9 63 9 64 9 65 10 66 9 67 6 68 9 69 8 70 12 71 13 72 10 73 8 74 9 75 8 76 8 77 10 78 5 79 10 80 10 81 9 82 8 83 8 84 12 85 12 86 8 87 5 88 7 89 6 90 9 91 12 92 13 93 7 94 10 95 9 96 10 97 6 98 6 99 7
0 8 1 11 2 10 4 10 5 11 6 10 7 10 8 7 9 8 10 8 11 9 12 10 13 9 14 9 15 9 16 10 17 8 18 7 19 10 20 13 21 11 22 7 23 8 24 9 25 12 26 7 27 10 28 9 29 8 30 14 31 7 32 9 33 10 34 8 35 9 36 10 37 10 38 10 39 9 40 10 41 9 42 8 43 14 44 10 45 8 46 11 47 8 48 9 49 10 50 10 51 9 52 12 53 7 54 9 55 11 56 8 57 9 58 8 59 11 60 8 61 3 62 7 63 7 64 13 65 9 66 12 67 11 68 8 69 9 70 13 71 8 72 11 73 9 74 8 75 11 76 12 77 8 78 10 79 11 80 10 81 7 82 11 83 11 84 12 85 9 86 9 87 13 88 9 89 10 90 8 91 8 92 11 93 9 94 6 95 11 96 8 97 9 98 11 99 9
0 5 1 11 2 8 3 10 5 12 6 7 7 9 8 11 9 8 10 9 11 11 12 9 13 9 14 8 15 8 16 9 17 10 18 10 19 10 20 9 21 10 22 7 23 8 24 12 25 9 26 11 27 11 28 6 29 10 30 7 31 10 32 11 33 12 34 4 35 7 36 8 37 8 38 10 39 8 40 11 41 9 42 15 43 8 44 7 45 9 46 10 47 9 48 6 49 11 50 10 51 9 52 10 53 7 54 7 55 11 56 8 57 10 58 9 59 10 60 9 61 10 62 12 63 9 64 9 65 11 66 13 67 11 68 9 69 7 70 8 71 9 72 8 73 12 74 11 75 10 76 5 77 6 78 10 79 7 80 11 81 10 82 10 83 9 84 11 85 8 86 10 87 11 88 10 89 9 90 10 91 7 92 7 93 7 94 12 95 9 96 9 97 10 98 9 99 10
0 7 1 9 2 8 3 11 4 12 6 8 7 5 8 6 9 8 10 6 11 10 12 9 13 9 14 7 15 11 16 10 17 13 18 9 19 11 20 10 21 14 22 7 23 12 24 13 25 11 26 12 27 10 28 11 29 10 30 9 31 7 32 10 33 11 34 8 35 11 36 10 37 8 38 8 39 8 40 9 41 11 42 9 43 10 44 9 45 8 46 12 47 9 48 8 49 7 50 8 51 10 52 11 53 9 54 7 55 11 56 9 57 10 58 11 59 10 60 14 61 6 62 11 63 7 64 12 65 9 66 9 67 10 68 10 69 11 70 7 71 13 72 9 73 8 74 8 75 8 76 12 77 7 78 15 79 8 80 12 81 6 82 7 83 8 84 11 85 10 86 9 87 11 88 8 89 10 90 10 91 7 92 8 93 12 94 11 95 10 96 10 97 10 98 7 99 10
0 11 1 10 2 12 3 10 4 7 5 8 7 9 8 7 9 11 10 11 11 8 12 12 13 9 14 10 15 11 16 6 17 10 18 12 19 12 20 8 21 11 22 11 23 6 24 9 25 9 26 9 27 12 28 4 29 8 30 11 31 6 32 9 33 9 34 11 35 13 36 9 37 9 38 7 39 7 40 11 41 9 42 7 43 11 44 7 45 9 46 9 47 13 48 9 49 8 50 7 51 6 52 11 53 7 54 8 55 12 56 11 57 8 58 10 59 10 60 9 61 7 62 11 63 8 64 6 65 9 66 8 67 8 68 7 69 11 70 9 71 7 72 9 73 10 74 12 75 12 76 13 77 8 78 12 79 12 80 9 81 13 82 7 83 8 84 6 85 11 86 10 87 7 88 12 89 7 90 12 91 7 92 11 93 11 94 8 95 9 96 9 97 9 98 10 99 10
0 7 1 7 2 8 3 10 4 9 5 5 6 9 8 11 9 10 10 11 11 8 12 7 13 6 14 12 15 6 16 6 17 11 18 11 19 10 20 10 21 9 22 8 23 10 24 6 25 11 26 10 27 9 28 13 29 9 30 9 31 11 32 10 33 11 34 10 35 8 36 11 37 12 38 8 39 12 40 8 41 10 42 12 43 11 44 6 45 11 46 10 47 10 48 10 49 10 50 12 51 10 52 10 53 7 54 13 55 5 56 11 57 12 58 14 59 9 60 13 61 8 62 7 63 7 64 12 65 12 66 10 67 6 68 9 69 11 70 12 71 11 72 8 73 10 74 11 75 10 76 10 77 9 78 8 79 8 80 7 81 10 82 11 83 9 84 9 85 9 86 7 87 7 88 12 89 8 90 6 91 9 92 10 93 12 94 12 95 7 96 10 97 11 98 8 99 8
0 10 1 10 2 8 3 7 4 11 5 6 6 7 7 11 9 11 10 8 11 10 12 10 13 11 14 12 15 9 16 9 17 7 18 11 19 9 20 12 21 9 22 9 23 11 24 7 25 7 26 8 27 8 28 11 29 9 30 10 31 7 32 10 33 10 34 8 35 11 36 6 37 9 38 8 39 11 40 8 41 9 42 8 43 13 44 11 45 7 46 10 47 11 48 9 49 10 50 8 51 11 52 10 53 10 54 9 55 9 56 8 57 12 58 11 59 9 60 10 61 9 62 11 63 14 64 10 65 14 66 7 67 12 68 15 69 8 70 8 71 11 72 8 73 9 74 5 75 10 76 10 77 11 78 10 79 7 80 10 81 10 82 8 83 11 84 11 85 9 86 11 87 9 88 9 89 13 90 7 91 11 92 12 93 6 94 9 95 9 96 8 97 8 98 8 99 10
0 7 1 9 2 10 3 8 4 8 5 8 6 11 7 10 8 11 10 8 11 12 12 10 13 9 14 10 15 9 16 9 17 9 18 8 19 8 20 12 21 9 22 9 23 9 24 9 25 9 26 10 27 11 28 8 29 11 30 11 31 10 32 10 33 8 34 10 35 11 36 7 37 10 38 9 39 12 40 8 41 9 42 9 43 7 44 12 45 10 46 8 47 10 48 8 49 12 50 10 51 7 52 10 53 10 54 7 55 6 56 10 57 6 58 10 59 12 60 10 61 9 62 12 63 10 64 9 65 8 66 11 67 7 68 8 69 9 70 8 71 9 72 10 73 9 74 10 75 11 76 11 77 11 78 5 79 10 80 9 81 8 82 9 83 10 84 7 85 8 86 10 87 6 88 9 89 9 90 13 91 10 92 8 93 10 94 9 95 10 96 5 97 11 98 7 99 8
0 7 1 11 2 10 3 8 4 9 5 6 6 11 7 11 8 8 9 8 11 7 12 11 13 11 14 10 15 10 16 11 17 6 18 11 19 8 20 11 21 11 22 4 23 5 24 7 25 13 26 10 27 10 28 9 29 8 30 8 31 8 32 8 33 13 34 7 35 8 36 7 37 10 38 8 39 11 40 7 41 10 42 8 43 10 44 11 45 8 46 10 47 10 48 8 49 9 50 8 51 10 52 12 53 9 54 8 55 9 56 9 57 11 58 13 59 8 60 7 61 10 62 13 63 10 64 7 65 11 66 8 67 10 68 10 69 8 70 9 71 10 72 12 73 12 74 9 75 10 76 9 77 12 78 9 79 7 80 11 81 9 82 4 83 5 84 10 85 10 86 7 87 10 88 11 89 9 90 8 91 10 92 13 93 9 94 13 95 13 96 7 97 10 98 11 99 11
0 10 1 12 2 13 3 9 4 11 5 10 6 8 7 8 8 10 9 12 10 7 12 9 13 7 14 8 15 7 16 10 17 9 18 9 19 9 20 7 21 10 22 8 23 7 24 9 25 8 26 8 27 7 28 7 29 10 30 7 31 8 32 7 33 12 34 8 35 11 36 11 37 10 38 7 39 9 40 11 41 9 42 12 43 9 44 8 45 8 46 8 47 8 48 10 49 9 50 7 51 10 52 11 53 11 54 8 55 9 56 7 57 8 58 11 59 9 60 9 61 9 62 10 63 7 64 7 65 10 66 10 67 9 68 11 69 11 70 12 71 11 72 10 73 11 74 5 75 11 76 5 77 7 78 8 79 9 80 11 81 11 82 8 83 13 84 8 85 11 86 10 87 8 88 9 89 9 90 9 91 7 92 8 93 10 94 10 95 12 96 8 97 10 98 11 99 7
0 9 1 11 2 8 3 10 4 9 5 9 6 12 7 7 8 10 9 10 10 11 11 9 13 9 14 8 15 7 16 9 17 9 18 6 19 10 20 9 21 10 22 12 23 6 24 13 25 9 26 12 27 9 28 10 29 10 30 9 31 14 32 12 33 12 34 11 35 11 36 10 37 11 38 9 39 6 40 9 41 11 42 12 43 11 44 10 45 7 46 11 47 7 48 9 49 10 50 13 51 11 52 9 53 10 54 8 55 13 56 9 57 9 58 11 59 11 60 13 61 10 62 9 63 10 64 7 65 9 66 8 67 12 68 9 69 10 70 8 71 9 72 11 73 12 74 11 75 9 76 8 77 7 78 9 79 9 80 12 81 9 82 9 83 10 84 10 85 13 86 6 87 10 88 10 89 11 90 10 91 12 92 10 93 9 94 10 95 6 96 9 97 8 98 10 99 11
0 8 1 8 2 8 3 9 4 9 5 9 6 9 7 6 8 11 9 9 10 11 11 7 12 9 14 10 15 9 16 11 17 7 18 7 19 10 20 10 21 8 22 9 23 10 24 7 25 7 26 5 27 12 28 12 29 9 30 8 31 10 32 9 33 9 34 10 35 8 36 10 37 9 38 12 39 9 40 6 41 9 42 10 43 9 44 4 45 10 46 8 47 9 48 8 49 11 50 7 51 7 52 11 53 8 54 11 55 12 56 9 57 8 58 9 59 10 60 10 61 10 62 9 63 8 64 7 65 11 66 7 67 11 68 8 69 9 70 11 71 8 72 8 73 12 74 8 75 10 76 8 77 9 78 10 79 7 80 9 81 8 82 7 83 6 84 7 85 10 86 10 87 11 88 9 89 13 90 7 91 13 92 8 93 9 94 6 95 11 96 9 97 10 98 7 99 11
0 10 1 5 2 9 3 9 4 8 5 7 6 10 7 12 8 12 9 10 10 10 11 8 12 8 13 10 15 8 16 10 17 4 18 11 19 7 20 6 21 7 22 10 23 10 24 10 25 8 26 11 27 8 28 10 29 7 30 9 31 9 32 11 33 9 34 7 35 12 36 9 37 10 38 9 39 7 40 9 41 12 42 8 43 11 44 7 45 12 46 10 47 8 48 12 49 8 50 13 51 10 52 8 53 10 54 12 55 12 56 10 57 7 58 9 59 10 60 10 61 6 62 7 63 11 64 9 65 9 66 9 67 10 68 11 69 11 70 9 71 12 72 10 73 9 74 6 75 12 76 7 77 8 78 7 79 9 80 10 81 11 82 7 83 8 84 11 85 9 86 10 87 9 88 12 89 11 90 9 91 8 92 13 93 9 94 10 95 8 96 9 97 6 98 9 99 5
0 9 1 6 2 9 3 9 4 8 5 11 6 11 7 6 8 9 9 9 10 10 11 7 12 7 13 9 14 8 16 7 17 9 18 8 19 9 20 10 21 7 22 10 23 8 24 11 25 12 26 13 27 7 28 9 29 8 30 10 31 11 32 11 33 9 34 10 35 11 36 10 37 11 38 12 39 10 40 12 41 10 42 9 43 10 44 13 45 6 46 10 47 8 48 11 49 5 50 8 51 11 52 11 53 7 54 12 55 9 56 10 57 7 58 10 59 10 60 8 61 10 62 10 63 9 64 7 65 12 66 11 67 9 68 8 69 8 70 10 71 6 72 9 73 6 74 10 75 8 76 7 77 11 78 10 79 11 80 12 81 9 82 9 83 6 84 9 85 9 86 9 87 8 88 12 89 9 90 9 91 13 92 9 93 9 94 7 95 9 96 12 97 8 98 11 99 8
0 10 1 8 2 8 3 10 4 9 5 10 6 6 7 6 8 9 9 9 10 11 11 10 12 9 13 11 14 10 15 7 17 8 18 9 19 8 20 11 21 9 22 8 23 9 24 8 25 10 26 11 27 8 28 13 29 7 30 8 31 7 32 11 33 10 34 9 35 9 36 10 37 11 38 10 39 12 40 7 41 10 42 10 43 10 44 8 45 9 46 10 47 9 48 11 49 9 50 6 51 14 52 8 53 7 54 7 55 6 56 9 57 8 58 11 59 11 60 11 61 9 62 8 63 12 64 12 65 6 66 10 67 8 68 10 69 10 70 10 71 10 72 9 73 9 74 13 75 11 76 10 77 12 78 8 79 10 80 9 81 13 82 9 83 8 84 10 85 9 86 7 87 10 88 10 89 13 90 9 91 12 92 9 93 10 94 9 95 9 96 8 97 9 98 11 99 8
0 10 1 9 2 8 3 8 4 10 5 13 6 10 7 11 8 7 9 9 10 6 11 9 12 9 13 7 14 4 15 9 16 8 18 6 19 10 20 9 21 9 22 7 23 10 24 9 25 8 26 10 27 7 28 9 29 12 30 8 31 10 32 11 33 12 34 10 35 11 36 7 37 8 38 10 39 6 40 8 41 10 42 12 43 8 44 9 45 11 46 5 47 7 48 10 49 8 50 8 51 8 52 10 53 15 54 10 55 8 56 10 57 11 58 13 59 9 60 14 61 14 62 11 63 8 64 10 65 9 66 9 67 9 68 12 69 10 70 14 71 8 72 11 73 11 74 6 75 9 76 9 77 13 78 14 79 11 80 8 81 10 82 8 83 12 84 13 85 10 86 9 87 9 88 12 89 8 90 11 91 11 92 7 93 8 94 8 95 11 96 9 97 11 98 9 99 12
0 8 1 7 2 6 3 7 4 10 5 9 6 12 7 11 8 11 9 8 10 11 11 9 12 6 13 7 14 11 15 8 16 9 17 6 19 9 20 10 21 10 22 12 23 9 24 9 25 11 26 9 27 9 28 11 29 8 30 8 31 8 32 13 33 8 34 8 35 12 36 8 37 6 38 11 39 5 40 14 41 11 42 10 43 11 44 10 45 7 46 10 47 9 48 7 49 8 50 11 51 8 52 11 53 7 54 10 55 12 56 13 57 12 58 9 59 6 60 8 61 13 62 15 63 8 64 10 65 9 66 11 67 11 68 10 69 7 70 11 71 10 72 7 73 10 74 5 75 11 76 9 77 12 78 12 79 11 80 9 81 9 82 10 83 5 84 6 85 10 86 9 87 12 88 10 89 9 90 11 91 9 92 5 93 12 94 11 95 8 96 10 97 9 98 12 99 10
0 8 1 10 2 10 3 10 4 10 5 11 6 12 7 10 8 9 9 8 10 8 11 9 12 10 13 10 14 7 15 9 16 8 17 10 18 9 20 10 21 8 22 8 23 11 24 9 25 9 26 12 27 11 28 5 29 8 30 13 31 8 32 9 33 9 34 11 35 10 36 7 37 10 38 10 39 12 40 8 41 10 42 9 43 9 44 7 45 8 46 13 47 10 48 13 49 8 50 10 51 9 52 10 53 11 54 10 55 11 56 8 57 7 58 12 59 9 60 10 61 9 62 8 63 7 64 9 65 10 66 10 67 6 68 10 69 8 70 11 71 9 72 9 73 8 74 12 75 10 76 10 77 7 78 12 79 10 80 9 81 10 82 7 83 8 84 8 85 5 86 9 87 7 88 13 89 7 90 7 91 10 92 10 93 8 94 9 95 7 96 8 97 7 98 11 99 8
0 8 1 8 2 10 3 13 4 9 5 10 6 8 7 10 8 12 9 12 10 11 11 7 12 9 13 10 14 6 15 10 16 11 17 9 18 10 19 10 21 9 22 9 23 10 24 10 25 10 26 8 27 11 28 11 29 11 30 11 31 6 32 10 33 9 34 12 35 5 36 11 37 10 38 12 39 10 40 7 41 14 42 8 43 13 44 11 45 11 46 13 47 10 48 13 49 12 50 10 51 11 52 12 53 8 54 10 55 11 56 5 57 8 58 11 59 8 60 8 61 11 62 10 63 12 64 10 65 6 66 7 67 12 68 6 69 15 70 10 71 9 72 8 73 13 74 9 75 11 76 12 77 7 78 5 79 6 80 9 81 9 82 10 83 7 84 9 85 14 86 11 87 11 88 12 89 10 90 8 91 9 92 9 93 8 94 11 95 6 96 6 97 9 98 11 99 6
0 9 1 8 2 7 3 11 4 10 5 14 6 11 7 9 8 9 9 9 10 11 11 10 12 10 13 8 14 7 15 7 16 9 17 9 18 10 19 8 20 9 22 9 23 11 24 7 25 11 26 9 27 10 28 12 29 9 30 12 31 10 32 11 33 10 34 9 35 13 36 13 37 10 38 14 39 7 40 10 41 10 42 8 43 7 44 10 45 11 46 8 47 9 48 10 49 11 50 10 51 12 52 10 53 12 54 7 55 10 56 11 57 10 58 10 59 11 60 10 61 8 62 11 63 8 64 9 65 9 66 9 67 10 68 11 69 10 70 11 71 12 72 8 73 11 74 5 75 12 76 11 77 10 78 9 79 6 80 7 81 11 82 12 83 6 84 10 85 14 86 11 87 11 88 6 89 10 90 10 91 11 92 5 93 9 94 10 95 9 96 9 97 10 98 10 99 9
0 9 1 10 2 12 3 7 4 7 5 7 6 11 7 8 8 9 9 9 10 4 11 8 12 12 13 9 14 10 15 10 16 8 17 7 18 12 19 8 20 9 21 9 23 14 24 11 25 10 26 12 27 7 28 10 29 8 30 11 31 9 32 7 33 5 34 11 35 10 36 7 37 6 38 10 39 10 40 10 41 12 42 8 43 11 44 12 45 8 46 9 47 7 48 12 49 11 50 8 51 7 52 11 53 8 54 10 55 10 56 10 57 12 58 10 59 10 60 9 61 6 62 9 63 7 64 10 65 8 66 9 67 9 68 11 69 10 70 11 71 9 72 10 73 8 74 12 75 12 76 12 77 10 78 9 79 10 80 10 81 10 82 9 83 9 84 13 85 9 86 7 87 9 88 9 89 6 90 14 91 8 92 9 93 9 94 8 95 7 96 11 97 7 98 10 99 9
0 7 1 8 2 10 3 8 4 8 5 12 6 6 7 10 8 11 9 9 10 5 11 7 12 6 13 10 14 10 15 8 16 9 17 10 18 9 19 11 20 10 21 11 22 14 24 13 25 9 26 9 27 12 28 9 29 12 30 11 31 13 32 8 33 10 34 12 35 7 36 9 37 11 38 10 39 8 40 9 41 9 42 11 43 11 44 11 45 10 46 9 47 8 48 12 49 9 50 11 51 9 52 8 53 9 54 5 55 6 56 7 57 7 58 6 59 10 60 8 61 12 62 8 63 7 64 10 65 9 66 12 67 10 68 9 69 10 70 9 71 9 72 9 73 9 74 10 75 5 76 8 77 8 78 7 79 9 80 10 81 12 82 8 83 10 84 6 85 10 86 10 87 9 88 8 89 10 90 7 91 7 92 10 93 11 94 14 95 10 96 11 97 13 98 11 99 8
0 6 1 11 2 10 3 9 4 12 5 13 6 9 7 6 8 7 9 9 10 7 11 9 12 13 13 7 14 10 15 11 16 8 17 9 18 9 19 9 20 10 21 7 22 11 23 13 25 7 26 9 27 10 28 10 29 9 30 11 31 16 32 7 33 10 34 9 35 9 36 8 37 11 38 10 39 8 40 13 41 7 42 9 43 8 44 10 45 10 46 9 47 9 48 10 49 6 50 9 51 12 52 8 53 10 54 8 55 10 56 10 57 8 58 8 59 10 60 10 61 9 62 8 63 10 64 8 65 13 66 14 67 9 68 8 69 10 70 10 71 9 72 9 73 9 74 11 75 9 76 7 77 8 78 8 79 11 80 7 81 9 82 9 83 7 84 9 85 6 86 9 87 13 88 6 89 10 90 8 91 8 92 7 93 12 94 10 95 6 96 8 97 8 98 9 99 10
0 11 1 8 2 14 3 12 4 9 5 11 6 9 7 11 8 7 9 9 10 13 11 8 12 9 13 7 14 8 15 12 16 10 17 8 18 11 19 9 20 10 21 11 22 10 23 9 24 7 26 12 27 15 28 11 29 11 30 11 31 5 32 11 33 10 34 9 35 11 36 7 37 10 38 9 39 10 40 10 41 10 42 9 43 8 44 11 45 11 46 12 47 6 48 13 49 6 50 10 51 8 52 8 53 10 54 9 55 10 56 7 57 5 58 9 59 9 60 7 61 11 62 11 63 10 64 12 65 10 66 5 67 9 68 9 69 7 70 10 71 6 72 10 73 11 74 12 75 9 76 11 77 11 78 8 79 7 80 6 81 6 82 10 83 7 84 14 85 8 86 9 87 13 88 12 89 7 90 10 91 11 92 11 93 9 94 8 95 9 96 9 97 10 98 11 99 10
0 11 1 8 2 7 3 7 4 11 5 12 6 9 7 10 8 8 9 10 10 10 11 8 12 12 13 5 14 11 15 13 16 11 17 10 18 9 19 12 20 8 21 9 22 12 23 9 24 9 25 12 27 10 28 10 29 11 30 13 31 10 32 12 33 9 34 12 35 8 36 7 37 10 38 6 39 9 40 12 41 10 42 8 43 10 44 9 45 8 46 9 47 8 48 8 49 12 50 8 51 12 52 11 53 7 54 9 55 11 56 12 57 12 58 10 59 10 60 8 61 8 62 11 63 11 64 12 65 7 66 8 67 11 68 11 69 10 70 9 71 7 72 11 73 9 74 9 75 8 76 5 77 10 78 11 79 6 80 10 81 9 82 11 83 6 84 12 85 10 86 11 87 11 88 9 89 7 90 10 91 12 92 9 93 10 94 10 95 9 96 8 97 9 98 10 99 8
0 4 1 11 2 5 3 10 4 11 5 10 6 12 7 9 8 8 9 11 10 10 11 7 12 9 13 12 14 8 15 7 16 8 17 7 18 9 19 11 20 11 21 10 22 7 23 12 24 10 25 15 26 10 28 10 29 12 30 10 31 11 32 10 33 10 34 11 35 9 36 9 37 9 38 10 39 6 40 12 41 9 42 10 43 10 44 9 45 10 46 7 47 14 48 7 49 6 50 13 51 10 52 10 53 9 54 8 55 9 56 8 57 9 58 12 59 11 60 8 61 9 62 9 63 10 64 11 65 7 66 12 67 8 68 13 69 12 70 9 71 9 72 11 73 8 74 8 75 12 76 10 77 11 78 8 79 11 80 11 81 9 82 8 83 10 84 6 85 7 86 10 87 11 88 11 89 10 90 8 91 13 92 10 93 10 94 9 95 11 96 11 97 10 98 8 99 9
0 9 1 9 2 11 3 9 4 6 5 11 6 4 7 13 8 11 9 8 10 9 11 7 12 10 13 12 14 10 15 9 16 13 17 9 18 11 19 5 20 11 21 12 22 10 23 9 24 10 25 11 26 10 27 10 29 13 30 11 31 7 32 11 33 8 34 13 35 13 36 10 37 10 38 10 39 9 40 7 41 12 42 8 43 9 44 11 45 9 46 7 47 8 48 12 49 6 50 11 51 7 52 5 53 10 54 7 55 8 56 8 57 8 58 7 59 8 60 10 61 8 62 5 63 10 64 10 65 7 66 8 67 5 68 6 69 10 70 11 71 9 72 10 73 7 74 7 75 10 76 9 77 8 78 9 79 9 80 8 81 11 82 7 83 6 84 10 85 11 86 11 87 10 88 9 89 8 90 8 91 9 92 11 93 8 94 9 95 12 96 10 97 9 98 14 99 12
0 6 1 10 2 9 3 8 4 10 5 10 6 8 7 9 8 9 9 11 10 8 11 10 12 10 13 9 14 7 15 8 16 7 17 12 18 8 19 8 20 11 21 9 22 8 23 12 24 9 25 11 26 11 27 12 28 13 30 9 31 10 32 8 33 8 34 11 35 11 36 10 37 9 38 8 39 12 40 10 41 7 42 8 43 11 44 8 45 13 46 8 47 10 48 11 49 14 50 12 51 10 52 7 53 7 54 10 55 11 56 9 57 11 58 5 59 10 60 8 61 9 62 8 63 7 64 8 65 8 66 10 67 9 68 6 69 10 70 9 71 8 72 13 73 11 74 8 75 7 76 6 77 9 78 10 79 10 80 10 81 10 82 7 83 7 84 10 85 8 86 9 87 9 88 10 89 9 90 8 91 11 92 9 93 9 94 10 95 9 96 9 97 7 98 10 99 10
0 13 1 8 2 8 3 14 4 7 5 9 6 11 7 9 8 10 9 11 10 8 11 7 12 9 13 8 14 9 15 10 16 8 17 8 18 8 19 13 20 11 21 12 22 11 23 11 24 11 25 11 26 13 27 10 28 11 29 9 31 7 32 11 33 5 34 8 35 9 36 14 37 13 38 8 39 7 40 9 41 10 42 9 43 7 44 9 45 8 46 6 47 12 48 13 49 10 50 8 51 11 52 10 53 10 54 9 55 9 56 9 57 11 58 9 59 6 60 11 61 10 62 10 63 12 64 9 65 7 66 10 67 8 68 10 69 9 70 13 71 7 72 10 73 9 74 11 75 11 76 10 77 6 78 6 79 10 80 10 81 7 82 9 83 5 84 9 85 9 86 8 87 11 88 8 89 12 90 9 91 9 92 11 93 11 94 9 95 9 96 8 97 11 98 11 99 8
0 9 1 9 2 8 3 7 4 10 5 7 6 6 7 11 8 7 9 10 10 8 11 8 12 14 13 10 14 9 15 11 16 7 17 10 18 8 19 8 20 6 21 10 22 9 23 13 24 16 25 5 26 10 27 11 28 7 29 10 30 7 32 13 33 8 34 8 35 9 36 7 37 7 38 5 39 8 40 11 41 8 42 9 43 8 44 11 45 8 46 12 47 12 48 15 49 11 50 14 51 10 52 11 53 10 54 10 55 7 56 7 57 9 58 11 59 8 60 10 61 11 62 6 63 10 64 9 65 11 66 10 67 10 68 8 69 10 70 12 71 7 72 8 73 13 74 11 75 9 76 11 77 8 78 6 79 9 80 10 81 6 82 6 83 11 84 10 85 11 86 10 87 10 88 9 89 8 90 10 91 11 92 8 93 8 94 8 95 13 96 10 97 7 98 9 99 8
0 10 1 8 2 8 3 9 4 11 5 10 6 9 7 10 8 10 9 10 10 8 11 7 12 12 13 9 14 11 15 11 16 11 17 11 18 13 19 9 20 10 21 11 22 7 23 8 24 7 25 11 26 12 27 10 28 11 29 8 30 11 31 13 33 11 34 7 35 9 36 8 37 9 38 9 39 9 40 10 41 11 42 9 43 13 44 7 45 10 46 11 47 9 48 11 49 11 50 6 51 9 52 9 53 11 54 7 55 10 56 9 57 6 58 9 59 6 60 11 61 7 62 6 63 8 64 8 65 8 66 11 67 11 68 8 69 11 70 9 71 12 72 9 73 12 74 12 75 9 76 11 77 10 78 12 79 9 80 10 81 16 82 11 83 12 84 7 85 11 86 5 87 7 88 12 89 10 90 3 91 10 92 11 93 9 94 9 95 7 96 10 97 10 98 12 99 12
0 8 1 9 2 10 3 10 4 12 5 11 6 9 7 11 8 10 9 8 10 13 11 12 12 12 13 9 14 9 15 9 16 10 17 12 18 8 19 9 20 9 21 10 22 5 23 10 24 10 25 10 26 9 27 10 28 8 29 8 30 5 31 8 32 11 34 9 35 10 36 11 37 8 38 11 39 8 40 8 41 10 42 10 43 9 44 10 45 10 46 11 47 11 48 6 49 8 50 13 51 11 52 7 53 9 54 9 55 10 56 9 57 8 58 10 59 9 60 12 61 10 62 9 63 7 64 10 65 10 66 11 67 11 68 10 69 11 70 12 71 9 72 8 73 6 74 10 75 5 76 8 77 8 78 9 79 9 80 10 81 13 82 8 83 11 84 9 85 10 86 10 87 10 88 10 89 8 90 10 91 11 92 14 93 13 94 8 95 14 96 9 97 12 98 9 99 8
0 9 1 9 2 8 3 8 4 4 5 8 6 11 7 10 8 8 9 10 10 7 11 8 12 11 13 10 14 7 15 10 16 9 17 10 18 8 19 11 20 12 21 9 22 11 23 12 24 9 25 9 26 12 27 11 28 13 29 11 30 8 31 8 32 7 33 9 35 10 36 10 37 9 38 8 39 10 40 11 41 13 42 8 43 7 44 9 45 11 46 10 47 10 48 8 49 11 50 10 51 10 52 8 53 12 54 10 55 7 56 7 57 8 58 8 59 9 60 6 61 9 62 8 63 9 64 7 65 9 66 9 67 8 68 9 69 10 70 12 71 7 72 8 73 13 74 11 75 11 76 9 77 11 78 8 79 9 80 5 81 9 82 12 83 11 84 9 85 12 86 9 87 10 88 11 89 9 90 5 91 13 92 9 93 11 94 8 95 9 96 8 97 7 98 8 99 8
0 10 1 10 2 7 3 9 4 7 5 11 6 13 7 8 8 11 9 11 10 8 11 11 12 11 13 8 14 12 15 11 16 9 17 11 18 12 19 10 20 5 21 13 22 10 23 7 24 9 25 11 26 8 27 9 28 13 29 11 30 9 31 9 32 9 33 10 34 10 36 8 37 6 38 11 39 8 40 9 41 6 42 6 43 11 44 9 45 10 46 10 47 8 48 12 49 7 50 11 51 11 52 8 53 8 54 11 55 10 56 8 57 10 58 11 59 8 60 11 61 9 62 13 63 10 64 11 65 8 66 11 67 11 68 11 69 9 70 6 71 10 72 7 73 9 74 7 75 9 76 10 77 9 78 9 79 7 80 9 81 6 82 7 83 11 84 7 85 10 86 7 87 8 88 9 89 12 90 9 91 9 92 9 93 6 94 8 95 3 96 9 97 9 98 9 99 9
0 5 1 11 2 8 3 10 4 8 5 10 6 9 7 11 8 6 9 7 10 7 11 11 12 10 13 10 14 9 15 10 16 10 17 7 18 8 19 7 20 11 21 13 22 7 23 9 24 8 25 7 26 7 27 9 28 10 29 10 30 14 31 7 32 8 33 11 34 10 35 8 37 11 38 12 39 5 40 9 41 9 42 7 43 11 44 8 45 12 46 11 47 9 48 6 49 6 50 9 51 7 52 12 53 10 54 10 55 11 56 8 57 10 58 7 59 9 60 9 61 7 62 9 63 7 64 9 65 8 66 9 67 14 68 9 69 8 70 7 71 8 72 13 73 7 74 11 75 7 76 10 77 10 78 8 79 7 80 12 81 12 82 11 83 11 84 9 85 12 86 11 87 11 88 10 89 8 90 11 91 9 92 10 93 7 94 9 95 12 96 9 97 11 98 10 99 6
0 5 1 10 2 9 3 10 4 8 5 8 6 9 7 12 8 9 9 10 10 10 11 10 12 11 13 9 14 10 15 11 16 11 17 8 18 6 19 10 20 10 21 10 22 6 23 11 24 11 25 10 26 10 27 9 28 10 29 9 30 13 31 7 32 9 33 8 34 9 35 6 36 11 38 8 39 10 40 7 41 12 42 8 43 10 44 10 45 8 46 8 47 11 48 11 49 10 50 11 51 10 52 11 53 11 54 8 55 9 56 9 57 9 58 11 59 10 60 12 61 6 62 10 63 10 64 7 65 10 66 13 67 8 68 10 69 7 70 8 71 11 72 6 73 11 74 10 75 7 76 11 77 12 78 8 79 7 80 6 81 9 82 9 83 11 84 8 85 9 86 9 87 9 88 8 89 12 90 11 91 10 92 13 93 8 94 12 95 9 96 11 97 9 98 10 99 10
0 11 1 8 2 10 3 10 4 10 5 8 6 7 7 8 8 8 9 9 10 8 11 7 12 9 13 12 14 9 15 12 16 10 17 10 18 11 19 10 20 12 21 14 22 10 23 10 24 10 25 9 26 6 27 10 28 10 29 8 30 8 31 5 32 9 33 11 34 8 35 11 36 12 37 8 39 7 40 10 41 6 42 6 43 8 44 11 45 8 46 9 47 8 48 12 49 11 50 10 51 9 52 10 53 13 54 10 55 8 56 11 57 9 58 10 59 11 60 8 61 11 62 7 63 11 64 7 65 10 66 8 67 9 68 10 69 10 70 9 71 12 72 9 73 7 74 11 75 9 76 10 77 7 78 10 79 10 80 9 81 10 82 9 83 8 84 9 85 10 86 11 87 9 88 10 89 9 90 9 91 14 92 11 93 9 94 7 95 8 96 11 97 10 98 14 99 8
0 10 1 4 2 9 3 9 4 8 5 8 6 7 7 12 8 11 9 12 10 11 11 9 12 6 13 9 14 7 15 10 16 12 17 6 18 5 19 12 20 10 21 7 22 10 23 8 24 8 25 10 26 9 27 6 28 9 29 12 30 7 31 8 32 9 33 8 34 10 35 8 36 5 37 10 38 7 40 9 41 12 42 11 43 9 44 8 45 9 46 6 47 11 48 11 49 10 50 9 51 8 52 9 53 8 54 11 55 6 56 11 57 8 58 11 59 9 60 9 61 11 62 11 63 11 64 10 65 5 66 12 67 9 68 11 69 11 70 10 71 10 72 11 73 12 74 11 75 8 76 11 77 10 78 12 79 10 80 10 81 11 82 9 83 10 84 11 85 11 86 9 87 6 88 10 89 9 90 8 91 8 92 8 93 11 94 8 95 12 96 6 97 12 98 11 99 10
0 6 1 11 2 7 3 10 4 11 5 9 6 11 7 8 8 8 9 8 10 7 11 11 12 9 13 6 14 9 15 12 16 7 17 8 18 14 19 8 20 7 21 10 22 10 23 9 24 13 25 10 26 12 27 12 28 7 29 10 30 9 31 11 32 10 33 8 34 11 35 9 36 9 37 7 38 10 39 9 41 10 42 9 43 8 44 11 45 7 46 12 47 8 48 11 49 13 50 11 51 9 52 8 53 11 54 8 55 9 56 7 57 10 58 10 59 7 60 11 61 9 62 9 63 13 64 8 65 7 66 10 67 8 68 8 69 7 70 9 71 7 72 13 73 10 74 6 75 9 76 7 77 7 78 8 79 11 80 7 81 8 82 8 83 10 84 7 85 11 86 10 87 10 88 12 89 9 90 6 91 8 92 9 93 9 94 9 95 11 96 7 97 11 98 8 99 7
0 7 1 11 2 9 3 9 4 9 5 11 6 9 7 10 8 9 9 9 10 10 11 9 12 11 13 9 14 12 15 10 16 10 17 10 18 11 19 10 20 14 21 10 22 12 23 9 24 7 25 10 26 10 27 9 28 12 29 7 30 10 31 8 32 11 33 10 34 13 35 6 36 9 37 12 38 6 39 12 40 10 42 8 43 9 44 9 45 9 46 8 47 10 48 7 49 12 50 11 51 9 52 10 53 9 54 10 55 9 56 6 57 10 58 9 59 8 60 8 61 8 62 9 63 11 64 8 65 10 66 9 67 7 68 7 69 9 70 8 71 7 72 9 73 10 74 7 75 9 76 11 77 8 78 11 79 12 80 9 81 10 82 7 83 10 84 8 85 17 86 7 87 9 88 12 89 9 90 12 91 6 92 7 93 8 94 6 95 9 96 7 97 11 98 8 99 12
0 12 1 15 2 8 3 8 4 15 5 9 6 7 7 12 8 8 9 9 10 8 11 12 12 12 13 10 14 8 15 9 16 10 17 12 18 10 19 9 20 8 21 8 22 8 23 11 24 9 25 9 26 8 27 10 28 8 29 8 30 9 31 9 32 9 33 10 34 8 35 6 36 7 37 8 38 6 39 11 40 9 41 8 43 9 44 9 45 8 46 11 47 9 48 9 49 9 50 7 51 12 52 10 53 8 54 2 55 7 56 11 57 7 58 11 59 8 60 9 61 10 62 14 63 12 64 12 65 7 66 10 67 9 68 8 69 7 70 5 71 12 72 6 73 10 74 9 75 7 76 8 77 8 78 11 79 13 80 8 81 8 82 10 83 12 84 7 85 6 86 8 87 8 88 9 89 10 90 8 91 11 92 10 93 11 94 10 95 10 96 12 97 11 98 11 99 12
0 9 1 10 2 11 3 14 4 8 5 10 6 11 7 11 8 13 9 7 10 10 11 9 12 11 13 9 14 11 15 10 16 10 17 8 18 11 19 9 20 13 21 7 22 11 23 11 24 8 25 8 26 10 27 10 28 9 29 11 30 7 31 8 32 13 33 9 34 7 35 11 36 11 37 10 38 8 39 9 40 8 41 9 42 9 44 7 45 12 46 12 47 12 48 10 49 9 50 11 51 8 52 7 53 8 54 11 55 5 56 10 57 7 58 8 59 11 60 10 61 5 62 9 63 6 64 11 65 10 66 9 67 11 68 11 69 8 70 9 71 10 72 9 73 7 74 7 75 9 76 9 77 8 78 10 79 9 80 9 81 12 82 9 83 4 84 9 85 11 86 15 87 13 88 10 89 10 90 8 91 9 92 12 93 9 94 10 95 7 96 9 97 12 98 10 99 12
0 11 1 12 2 13 3 10 4 7 5 9 6 7 7 6 8 11 9 12 10 11 11 8 12 10 13 4 14 7 15 13 16 8 17 9 18 10 19 7 20 11 21 10 22 12 23 11 24 10 25 11 26 9 27 9 28 11 29 8 30 9 31 11 32 7 33 10 34 9 35 9 36 8 37 10 38 11 39 8 40 11 41 9 42 9 43 7 45 11 46 6 47 8 48 8 49 8 50 10 51 11 52 9 53 8 54 10 55 9 56 10 57 8 58 13 59 8 60 9 61 12 62 9 63 8 64 13 65 7 66 10 67 8 68 8 69 7 70 10 71 8 72 12 73 13 74 13 75 11 76 7 77 10 78 10 79 12 80 6 81 9 82 10 83 9 84 11 85 9 86 10 87 11 88 12 89 8 90 14 91 6 92 9 93 7 94 12 95 9 96 8 97 9 98 8 99 8
0 7 1 9 2 8 3 8 4 9 5 8 6 9 7 11 8 7 9 10 10 8 11 8 12 7 13 10 14 12 15 6 16 9 17 11 18 7 19 8 20 11 21 11 22 8 23 10 24 10 25 11 26 8 27 10 28 9 29 13 30 8 31 8 32 10 33 10 34 11 35 10 36 12 37 8 38 8 39 9 40 7 41 9 42 8 43 12 44 11 46 5 47 10 48 10 49 11 50 9 51 8 52 10 53 9 54 9 55 10 56 7 57 13 58 7 59 9 60 9 61 8 62 9 63 10 64 9 65 10 66 8 67 7 68 10 69 11 70 8 71 6 72 8 73 11 74 6 75 8 76 9 77 9 78 13 79 8 80 8 81 9 82 6 83 9 84 8 85 8 86 12 87 12 88 6 89 7 90 11 91 8 92 9 93 13 94 16 95 5 96 13 97 10 98 10 99 11
0 7 1 11 2 9 3 11 4 10 5 12 6 9 7 10 8 10 9 8 10 10 11 8 12 11 13 8 14 10 15 10 16 10 17 5 18 10 19 13 20 13 21 8 22 9 23 9 24 9 25 12 26 9 27 7 28 7 29 8 30 6 31 12 32 11 33 11 34 10 35 10 36 11 37 8 38 9 39 6 40 12 41 8 42 11 43 12 44 6 45 5 47 13 48 8 49 10 50 6 51 11 52 5 53 7 54 8 55 11 56 7 57 11 58 9 59 8 60 10 61 9 62 9 63 11 64 10 65 9 66 10 67 6 68 12 69 10 70 9 71 11 72 9 73 10 74 8 75 11 76 11 77 9 78 11 79 12 80 7 81 8 82 7 83 10 84 11 85 11 86 7 87 8 88 9 89 8 90 8 91 7 92 11 93 10 94 8 95 4 96 11 97 10 98 7 99 9
0 11 1 9 2 8 3 8 4 9 5 9 6 13 7 10 8 11 9 10 10 10 11 8 12 7 13 9 14 8 15 8 16 9 17 7 18 9 19 10 20 10 21 9 22 7 23 8 24 9 25 6 26 8 27 14 28 8 29 10 30 12 31 12 32 9 33 11 34 10 35 8 36 9 37 11 38 8 39 11 40 8 41 10 42 9 43 12 44 8 45 10 46 13 48 8 49 8 50 8 51 10 52 8 53 9 54 9 55 8 56 9 57 12 58 11 59 10 60 7 61 9 62 12 63 11 64 8 65 7 66 8 67 11 68 8 69 5 70 8 71 13 72 9 73 10 74 9 75 11 76 7 77 7 78 11 79 7 80 10 81 10 82 12 83 7 84 7 85 8 86 10 87 12 88 9 89 7 90 9 91 12 92 11 93 11 94 7 95 7 96 6 97 11 98 9 99 8
0 11 1 8 2 13 3 9 4 6 5 8 6 9 7 10 8 9 9 8 10 8 11 10 12 9 13 8 14 12 15 11 16 11 17 10 18 7 19 13 20 13 21 10 22 12 23 12 24 10 25 13 26 8 27 7 28 12 29 11 30 13 31 15 32 11 33 6 34 8 35 12 36 6 37 11 38 12 39 11 40 11 41 7 42 9 43 10 44 8 45 10 46 8 47 8 49 10 50 10 51 9 52 10 53 10 54 12 55 10 56 10 57 9 58 10 59 9 60 10 61 9 62 12 63 9 64 7 65 8 66 7 67 8 68 10 69 10 70 8 71 9 72 11 73 8 74 9 75 10 76 12 77 15 78 10 79 11 80 11 81 8 82 8 83 10 84 11 85 9 86 12 87 10 88 9 89 10 90 10 91 8 92 7 93 7 94 9 95 11 96 7 97 11 98 8 99 10
0 10 1 11 2 8 3 10 4 11 5 7 6 8 7 10 8 10 9 12 10 9 11 9 12 10 13 11 14 8 15 5 16 9 17 8 18 8 19 8 20 12 21 11 22 11 23 9 24 6 25 6 26 12 27 6 28 6 29 14 30 10 31 11 32 11 33 8 34 11 35 7 36 6 37 10 38 11 39 10 40 13 41 12 42 9 43 9 44 8 45 11 46 10 47 8 48 10 50 8 51 9 52 11 53 8 54 6 55 10 56 11 57 9 58 8 59 9 60 9 61 10 62 13 63 10 64 11 65 8 66 9 67 11 68 10 69 6 70 8 71 12 72 11 73 8 74 8 75 12 76 7 77 9 78 6 79 6 80 9 81 9 82 11 83 12 84 8 85 12 86 11 87 8 88 10 89 11 90 9 91 10 92 11 93 6 94 10 95 5 96 14 97 12 98 10 99 11
0 10 1 8 2 6 3 10 4 10 5 8 6 7 7 12 8 8 9 10 10 8 11 7 12 13 13 7 14 13 15 8 16 6 17 8 18 11 19 10 20 10 21 10 22 8 23 11 24 9 25 10 26 8 27 13 28 11 29 12 30 8 31 14 32 6 33 13 34 10 35 11 36 9 37 11 38 10 39 9 40 11 41 11 42 7 43 11 44 10 45 9 46 6 47 8 48 10 49 8 51 8 52 7 53 11 54 11 55 10 56 8 57 9 58 9 59 12 60 6 61 9 62 11 63 7 64 11 65 8 66 6 67 9 68 12 69 9 70 10 71 11 72 11 73 13 74 12 75 11 76 5 77 9 78 9 79 13 80 8 81 6 82 9 83 10 84 12 85 9 86 11 87 12 88 8 89 11 90 10 91 11 92 11 93 9 94 12 95 8 96 5 97 14 98 10 99 8
0 12 1 10 2 9 3 9 4 9 5 10 6 6 7 10 8 11 9 7 10 10 11 10 12 11 13 7 14 10 15 11 16 14 17 8 18 8 19 9 20 11 21 12 22 7 23 9 24 12 25 8 26 12 27 10 28 7 29 10 30 11 31 10 32 9 33 11 34 10 35 11 36 7 37 10 38 9 39 8 40 9 41 9 42 12 43 8 44 11 45 8 46 11 47 10 48 9 49 9 50 8 52 9 53 13 54 6 55 6 56 11 57 9 58 6 59 10 60 12 61 8 62 11 63 11 64 12 65 9 66 10 67 8 68 9 69 10 70 9 71 9 72 8 73 8 74 10 75 5 76 8 77 11 78 8 79 11 80 9 81 8 82 10 83 9 84 7 85 11 86 8 87 11 88 11 89 11 90 11 91 12 92 10 93 7 94 6 95 9 96 10 97 9 98 8 99 10
0 11 1 10 2 6 3 12 4 10 5 11 6 11 7 10 8 10 9 10 10 12 11 11 12 9 13 11 14 8 15 11 16 8 17 10 18 11 19 10 20 12 21 10 22 11 23 8 24 8 25 8 26 11 27 10 28 5 29 7 30 10 31 11 32 9 33 7 34 8 35 8 36 12 37 11 38 10 39 9 40 8 41 10 42 10 43 7 44 9 45 10 46 5 47 8 48 10 49 11 50 7 51 9 53 8 54 10 55 11 56 7 57 7 58 9 59 8 60 10 61 11 62 9 63 6 64 12 65 7 66 10 67 12 68 11 69 8 70 11 71 13 72 11 73 10 74 7 75 9 76 10 77 8 78 11 79 8 80 11 81 8 82 6 83 6 84 13 85 8 86 9 87 8 88 9 89 7 90 11 91 9 92 9 93 13 94 9 95 14 96 8 97 12 98 9 99 8
0 8 1 16 2 9 3 7 4 7 5 9 6 7 7 7 8 10 9 10 10 9 11 11 12 10 13 8 14 10 15 7 16 7 17 15 18 7 19 11 20 8 21 12 22 8 23 9 24 10 25 10 26 7 27 9 28 10 29 7 30 10 31 10 32 11 33 9 34 12 35 8 36 10 37 11 38 13 39 8 40 11 41 9 42 8 43 8 44 8 45 9 46 7 47 9 48 10 49 8 50 11 51 13 52 8 54 12 55 10 56 11 57 8 58 7 59 9 60 7 61 8 62 10 63 10 64 10 65 11 66 5 67 7 68 9 69 11 70 10 71 7 72 9 73 10 74 9 75 7 76 6 77 9 78 9 79 9 80 7 81 13 82 8 83 9 84 12 85 10 86 11 87 8 88 9 89 8 90 11 91 9 92 8 93 8 94 9 95 11 96 9 97 13 98 12 99 12
0 11 1 8 2 10 3 9 4 7 5 7 6 8 7 13 8 9 9 7 10 8 11 8 12 8 13 11 14 12 15 12 16 7 17 10 18 10 19 10 20 10 21 7 22 10 23 5 24 8 25 9 26 9 27 8 28 7 29 10 30 9 31 10 32 7 33 9 34 10 35 11 36 10 37 8 38 10 39 11 40 8 41 10 42 2 43 11 44 10 45 9 46 8 47 9 48 12 49 6 50 11 51 6 52 10 53 12 55 11 56 9 57 9 58 9 59 9 60 9 61 11 62 8 63 12 64 11 65 12 66 8 67 12 68 10 69 9 70 8 71 9 72 11 73 9 74 8 75 11 76 9 77 13 78 13 79 7 80 12 81 7 82 9 83 10 84 11 85 8 86 8 87 11 88 12 89 12 90 10 91 13 92 6 93 5 94 11 95 8 96 12 97 11 98 6 99 11
0 10 1 7 2 9 3 11 4 11 5 11 6 12 7 5 8 9 9 6 10 9 11 9 12 13 13 12 14 12 15 9 16 6 17 8 18 12 19 11 20 11 21 10 22 10 23 6 24 10 25 10 26 11 27 9 28 8 29 11 30 9 31 7 32 10 33 10 34 7 35 10 36 11 37 9 38 8 39 6 40 9 41 9 42 7 43 5 44 9 45 10 46 11 47 8 48 10 49 10 50 10 51 6 52 11 53 10 54 11 56 10 57 9 58 14 59 9 60 11 61 8 62 6 63 11 64 10 65 11 66 10 67 10 68 10 69 10 70 8 71 8 72 10 73 10 74 10 75 10 76 9 77 9 78 11 79 11 80 9 81 9 82 9 83 10 84 9 85 7 86 7 87 3 88 8 89 11 90 9 91 10 92 13 93 11 94 10 95 10 96 9 97 9 98 9 99 10
0 11 1 8 2 12 3 8 4 8 5 9 6 11 7 11 8 8 9 10 10 9 11 7 12 9 13 9 14 10 15 10 16 9 17 10 18 13 19 8 20 5 21 11 22 10 23 7 24 10 25 7 26 12 27 8 28 8 29 9 30 9 31 7 32 9 33 9 34 7 35 8 36 8 37 9 38 11 39 11 40 7 41 6 42 11 43 10 44 10 45 7 46 7 47 9 48 10 49 11 50 8 51 11 52 7 53 11 54 9 55 10 57 11 58 10 59 12 60 8 61 10 62 11 63 12 64 9 65 9 66 9 67 11 68 10 69 6 70 8 71 11 72 13 73 12 74 8 75 12 76 12 77 8 78 7 79 12 80 5 81 6 82 9 83 12 84 8 85 10 86 11 87 10 88 11 89 9 90 7 91 13 92 10 93 9 94 10 95 9 96 10 97 10 98 9 99 8
0 11 1 10 2 10 3 9 4 10 5 10 6 8 7 12 8 12 9 6 10 11 11 8 12 9 13 8 14 7 15 7 16 8 17 11 18 12 19 7 20 8 21 10 22 12 23 7 24 8 25 5 26 12 27 9 28 8 29 11 30 11 31 9 32 6 33 8 34 8 35 10 36 10 37 9 38 9 39 8 40 10 41 10 42 7 43 7 44 8 45 13 46 11 47 12 48 9 49 9 50 9 51 9 52 7 53 8 54 9 55 9 56 11 58 9 59 7 60 9 61 9 62 15 63 8 64 8 65 10 66 9 67 8 68 14 69 10 70 10 71 11 72 9 73 11 74 9 75 9 76 11 77 10 78 11 79 13 80 8 81 9 82 10 83 7 84 10 85 7 86 6 87 8 88 10 89 11 90 9 91 8 92 9 93 8 94 9 95 9 96 11 97 11 98 11 99 6
0 11 1 10 2 10 3 8 4 9 5 11 6 10 7 14 8 11 9 10 10 13 11 11 12 11 13 9 14 9 15 10 16 11 17 13 18 9 19 12 20 11 21 10 22 10 23 6 24 8 25 9 26 10 27 12 28 7 29 5 30 9 31 11 32 9 33 10 34 8 35 11 36 7 37 11 38 10 39 11 40 10 41 9 42 11 43 8 44 13 45 7 46 9 47 11 48 10 49 8 50 9 51 6 52 9 53 7 54 9 55 14 56 10 57 9 59 8 60 11 61 6 62 9 63 7 64 10 65 11 66 7 67 10 68 7 69 9 70 7 71 12 72 8 73 9 74 10 75 6 76 12 77 8 78 11 79 8 80 9 81 10 82 5 83 7 84 9 85 9 86 9 87 7 88 11 89 8 90 11 91 10 92 8 93 15 94 12 95 9 96 10 97 8 98 11 99 10
0 8 1 10 2 9 3 11 4 10 5 10 6 10 7 9 8 9 9 12 10 8 11 9 12 11 13 10 14 10 15 10 16 11 17 9 18 6 19 9 20 8 21 11 22 10 23 10 24 10 25 9 26 10 27 11 28 8 29 10 30 6 31 8 32 6 33 9 34 9 35 8 36 9 37 10 38 11 39 9 40 7 41 8 42 8 43 11 44 8 45 9 46 8 47 10 48 9 49 9 50 12 51 10 52 8 53 9 54 9 55 9 56 12 57 7 58 8 60 7 61 9 62 10 63 6 64 12 65 11 66 8 67 9 68 7 69 10 70 7 71 11 72 10 73 7 74 12 75 7 76 6 77 9 78 9 79 9 80 14 81 11 82 7 83 11 84 10 85 10 86 8 87 9 88 8 89 8 90 9 91 10 92 6 93 8 94 7 95 7 96 9 97 14 98 8 99 9
0 10 1 9 2 9 3 8 4 9 5 14 6 9 7 13 8 10 9 10 10 7 11 9 12 13 13 10 14 10 15 8 16 11 17 14 18 8 19 10 20 8 21 10 22 9 23 8 24 10 25 7 26 8 27 8 28 10 29 8 30 11 31 10 32 11 33 12 34 6 35 11 36 9 37 12 38 8 39 9 40 11 41 8 42 9 43 10 44 9 45 9 46 10 47 7 48 10 49 9 50 6 51 12 52 10 53 7 54 9 55 11 56 8 57 9 58 11 59 7 61 9 62 5 63 8 64 9 65 9 66 9 67 7 68 9 69 7 70 11 71 6 72 12 73 10 74 12 75 10 76 8 77 9 78 12 79 7 80 11 81 11 82 11 83 10 84 13 85 12 86 8 87 10 88 9 89 7 90 12 91 3 92 13 93 10 94 8 95 8 96 7 97 10 98 10 99 9
0 10 1 10 2 10 3 3 4 10 5 6 6 7 7 8 8 9 9 9 10 10 11 9 12 10 13 10 14 6 15 10 16 9 17 14 18 13 19 9 20 11 21 8 22 6 23 12 24 9 25 11 26 8 27 9 28 8 29 9 30 10 31 11 32 7 33 10 34 9 35 9 36 7 37 6 38 11 39 11 40 9 41 8 42 10 43 5 44 12 45 8 46 9 47 9 48 9 49 10 50 9 51 8 52 11 53 8 54 11 55 8 56 10 57 9 58 6 59 9 60 9 62 12 63 9 64 10 65 10 66 6 67 8 68 12 69 8 70 10 71 8 72 7 73 9 74 8 75 7 76 6 77 10 78 11 79 8 80 11 81 10 82 9 83 9 84 8 85 9 86 12 87 9 88 11 89 7 90 11 91 9 92 12 93 10 94 8 95 8 96 8 97 7 98 12 99 11
0 11 1 10 2 9 3 7 4 12 5 11 6 11 7 7 8 11 9 12 10 13 11 10 12 9 13 9 14 7 15 10 16 8 17 11 18 15 19 8 20 10 21 11 22 9 23 8 24 8 25 11 26 11 27 9 28 5 29 8 30 10 31 6 32 6 33 9 34 8 35 13 36 9 37 10 38 7 39 11 40 9 41 9 42 14 43 9 44 9 45 9 46 9 47 12 48 12 49 13 50 11 51 11 52 9 53 10 54 8 55 6 56 11 57 15 58 9 59 10 60 5 61 12 63 10 64 12 65 11 66 9 67 12 68 8 69 11 70 7 71 8 72 8 73 10 74 10 75 7 76 8 77 7 78 7 79 10 80 11 81 10 82 7 83 6 84 8 85 9 86 6 87 5 88 10 89 12 90 11 91 11 92 9 93 10 94 10 95 9 96 13 97 9 98 11 99 11
0 14 1 7 2 9 3 7 4 9 5 7 6 8 7 7 8 14 9 10 10 10 11 7 12 10 13 8 14 11 15 9 16 12 17 8 18 8 19 7 20 12 21 8 22 7 23 7 24 10 25 10 26 11 27 10 28 10 29 7 30 12 31 10 32 8 33 7 34 9 35 10 36 7 37 10 38 11 39 11 40 13 41 11 42 12 43 6 44 8 45 10 46 11 47 11 48 9 49 10 50 7 51 11 52 6 53 10 54 12 55 11 56 12 57 8 58 7 59 6 60 8 61 9 62 10 64 8 65 11 66 9 67 12 68 11 69 7 70 11 71 8 72 9 73 6 74 11 75 9 76 6 77 13 78 8 79 5 80 10 81 11 82 10 83 8 84 10 85 8 86 9 87 8 88 5 89 7 90 8 91 7 92 10 93 7 94 10 95 12 96 5 97 11 98 11 99 10
0 10 1 8 2 9 3 13 4 9 5 12 6 6 7 12 8 10 9 9 10 7 11 7 12 7 13 7 14 9 15 7 16 12 17 10 18 10 19 9 20 10 21 9 22 10 23 10 24 8 25 12 26 12 27 11 28 10 29 8 30 9 31 9 32 8 33 10 34 7 35 11 36 9 37 7 38 7 39 10 40 8 41 8 42 12 43 11 44 13 45 9 46 10 47 8 48 7 49 11 50 11 51 12 52 12 53 10 54 11 55 10 56 9 57 8 58 10 59 12 60 9 61 10 62 12 63 8 65 8 66 12 67 10 68 11 69 11 70 10 71 9 72 9 73 9 74 8 75 10 76 6 77 10 78 12 79 9 80 9 81 8 82 7 83 10 84 9 85 12 86 9 87 9 88 7 89 12 90 12 91 10 92 8 93 9 94 10 95 8 96 9 97 4 98 10 99 5
0 11 1 9 2 10 3 9 4 11 5 9 6 9 7 12 8 14 9 8 10 11 11 10 12 9 13 11 14 9 15 12 16 6 17 9 18 9 19 10 20 6 21 9 22 8 23 9 24 13 25 10 26 7 27 7 28 7 29 8 30 7 31 11 32 8 33 10 34 9 35 8 36 8 37 10 38 10 39 5 40 7 41 10 42 7 43 10 44 7 45 10 46 9 47 7 48 8 49 8 50 8 51 9 52 7 53 11 54 12 55 11 56 9 57 10 58 11 59 11 60 9 61 10 62 11 63 11 64 8 66 9 67 10 68 11 69 11 70 7 71 9 72 7 73 7 74 9 75 6 76 8 77 8 78 7 79 10 80 12 81 6 82 9 83 8 84 13 85 7 86 12 87 13 88 11 89 6 90 7 91 6 92 7 93 6 94 13 95 11 96 7 97 11 98 9 99 10
0 9 1 11 2 9 3 12 4 13 5 9 6 8 7 10 8 7 9 11 10 8 11 10 12 8 13 7 14 9 15 11 16 10 17 9 18 11 19 10 20 7 21 9 22 9 23 12 24 14 25 5 26 8 27 12 28 8 29 10 30 10 31 10 32 11 33 11 34 9 35 11 36 9 37 13 38 8 39 12 40 10 41 9 42 10 43 9 44 10 45 8 46 10 47 8 48 7 49 9 50 6 51 10 52 10 53 5 54 8 55 10 56 9 57 9 58 7 59 8 60 9 61 6 62 9 63 9 64 12 65 9 67 9 68 11 69 12 70 8 71 10 72 11 73 7 74 8 75 10 76 9 77 7 78 9 79 7 80 5 81 11 82 8 83 8 84 10 85 13 86 9 87 8 88 14 89 10 90 8 91 8 92 10 93 8 94 12 95 10 96 11 97 10 98 9 99 6
0 9 1 10 2 6 3 11 4 11 5 10 6 8 7 6 8 12 9 7 10 10 11 9 12 12 13 11 14 10 15 9 16 8 17 9 18 11 19 6 20 12 21 10 22 9 23 10 24 9 25 9 26 11 27 8 28 5 29 9 30 8 31 10 32 11 33 11 34 8 35 11 36 14 37 8 38 9 39 9 40 8 41 7 42 9 43 11 44 8 45 7 46 6 47 11 48 8 49 11 50 9 51 8 52 12 53 7 54 12 55 10 56 11 57 8 58 10 59 9 60 7 61 8 62 12 63 12 64 10 65 10 66 9 68 11 69 12 70 11 71 12 72 9 73 12 74 10 75 9 76 8 77 9 78 11 79 11 80 11 81 9 82 5 83 8 84 9 85 6 86 14 87 13 88 10 89 11 90 9 91 7 92 12 93 13 94 9 95 11 96 8 97 8 98 11 99 14
0 7 1 9 2 9 3 8 4 9 5 10 6 7 7 9 8 15 9 8 10 10 11 11 12 9 13 8 14 11 15 8 16 10 17 12 18 10 19 10 20 6 21 11 22 11 23 9 24 8 25 9 26 11 27 13 28 6 29 6 30 10 31 8 32 8 33 10 34 9 35 11 36 9 37 10 38 10 39 11 40 8 41 7 42 8 43 11 44 8 45 10 46 12 47 8 48 10 49 10 50 12 51 9 52 11 53 9 54 10 55 10 56 10 57 14 58 7 59 7 60 9 61 12 62 8 63 11 64 11 65 11 66 11 67 11 69 9 70 9 71 12 72 9 73 9 74 8 75 6 76 13 77 12 78 7 79 8 80 12 81 8 82 10 83 6 84 14 85 10 86 9 87 8 88 9 89 10 90 10 91 9 92 8 93 9 94 11 95 8 96 10 97 11 98 8 99 4
0 10 1 9 2 8 3 9 4 7 5 11 6 11 7 11 8 8 9 9 10 8 11 11 12 10 13 9 14 11 15 8 16 10 17 10 18 7 19 8 20 15 21 10 22 10 23 10 24 10 25 7 26 10 27 12 28 10 29 10 30 9 31 10 32 11 33 11 34 10 35 9 36 8 37 7 38 10 39 11 40 7 41 9 42 7 43 8 44 7 45 11 46 10 47 5 48 10 49 6 50 9 51 10 52 8 53 11 54 9 55 10 56 6 57 10 58 9 59 10 60 7 61 8 62 11 63 7 64 11 65 11 66 12 67 12 68 9 70 13 71 10 72 13 73 8 74 7 75 10 76 13 77 7 78 7 79 9 80 10 81 7 82 8 83 6 84 8 85 11 86 11 87 9 88 11 89 6 90 9 91 10 92 11 93 8 94 6 95 11 96 7 97 10 98 7 99 10
0 10 1 11 2 12 3 13 4 8 5 7 6 9 7 12 8 8 9 8 10 9 11 12 12 8 13 11 14 9 15 10 16 10 17 14 18 11 19 11 20 10 21 11 22 11 23 9 24 10 25 10 26 9 27 9 28 11 29 9 30 13 31 12 32 9 33 12 34 12 35 6 36 7 37 8 38 9 39 10 40 9 41 8 42 5 43 9 44 10 45 8 46 9 47 8 48 8 49 8 50 10 51 9 52 11 53 10 54 8 55 8 56 8 57 10 58 7 59 7 60 11 61 10 62 7 63 11 64 10 65 7 66 8 67 11 68 9 69 13 71 11 72 13 73 11 74 4 75 11 76 10 77 10 78 9 79 10 80 9 81 8 82 8 83 8 84 7 85 11 86 11 87 7 88 8 89 7 90 8 91 8 92 8 93 11 94 10 95 9 96 12 97 6 98 13 99 9
0 10 1 13 2 13 3 8 4 9 5 13 6 7 7 11 8 11 9 9 10 10 11 11 12 9 13 8 14 12 15 6 16 10 17 8 18 10 19 9 20 9 21 12 22 9 23 9 24 9 25 6 26 7 27 9 28 9 29 8 30 7 31 7 32 12 33 9 34 7 35 10 36 8 37 11 38 12 39 10 40 7 41 7 42 12 43 10 44 8 45 6 46 11 47 13 48 9 49 12 50 11 51 9 52 13 53 7 54 9 55 8 56 11 57 11 58 12 59 11 60 6 61 8 62 8 63 8 64 9 65 9 66 10 67 12 68 12 69 10 70 11 72 8 73 10 74 6 75 12 76 7 77 7 78 11 79 5 80 8 81 12 82 9 83 14 84 11 85 13 86 10 87 8 88 9 89 11 90 8 91 9 92 10 93 8 94 10 95 10 96 9 97 11 98 9 99 12
0 10 1 7 2 10 3 11 4 8 5 9 6 9 7 8 8 8 9 10 10 12 11 10 12 11 13 8 14 10 15 9 16 9 17 11 18 7 19 9 20 8 21 8 22 10 23 9 24 9 25 10 26 11 27 11 28 10 29 13 30 10 31 8 32 9 33 8 34 8 35 7 36 13 37 6 38 9 39 11 40 13 41 9 42 6 43 9 44 12 45 8 46 9 47 9 48 11 49 11 50 11 51 8 52 11 53 9 54 11 55 10 56 13 57 9 58 8 59 10 60 12 61 7 62 8 63 9 64 9 65 7 66 11 67 9 68 9 69 13 70 13 71 8 73 8 74 10 75 8 76 8 77 12 78 8 79 9 80 10 81 7 82 9 83 13 84 7 85 10 86 12 87 14 88 9 89 10 90 10 91 9 92 7 93 9 94 9 95 9 96 9 97 10 98 12 99 11
0 14 1 7 2 8 3 9 4 12 5 8 6 10 7 10 8 9 9 9 10 12 11 11 12 12 13 12 14 9 15 6 16 9 17 11 18 10 19 8 20 13 21 11 22 8 23 9 24 9 25 11 26 9 27 8 28 7 29 11 30 9 31 13 32 12 33 6 34 13 35 9 36 7 37 11 38 7 39 12 40 10 41 10 42 10 43 7 44 13 45 11 46 10 47 10 48 8 49 8 50 13 51 8 52 10 53 10 54 9 55 10 56 12 57 11 58 9 59 7 60 10 61 9 62 10 63 6 64 9 65 7 66 7 67 12 68 9 69 8 70 11 71 10 72 8 74 7 75 11 76 7 77 11 78 8 79 10 80 12 81 9 82 8 83 10 84 10 85 10 86 9 87 6 88 9 89 9 90 9 91 9 92 7 93 8 94 11 95 7 96 8 97 9 98 10 99 10
0 9 1 8 2 9 3 8 4 11 5 8 6 12 7 11 8 5 9 10 10 9 11 5 12 11 13 8 14 6 15 10 16 13 17 6 18 5 19 12 20 9 21 5 22 12 23 10 24 11 25 12 26 9 27 8 28 7 29 8 30 11 31 11 32 12 33 10 34 11 35 7 36 11 37 10 38 11 39 11 40 6 41 7 42 9 43 7 44 13 45 6 46 8 47 9 48 9 49 8 50 12 51 10 52 7 53 9 54 8 55 10 56 8 57 9 58 10 59 12 60 12 61 8 62 10 63 11 64 8 65 9 66 8 67 10 68 8 69 7 70 4 71 6 72 10 73 7 75 9 76 11 77 14 78 6 79 9 80 12 81 11 82 10 83 14 84 10 85 9 86 11 87 8 88 10 89 8 90 9 91 6 92 6 93 8 94 7 95 4 96 6 97 11 98 6 99 9
0 6 1 9 2 8 3 11 4 10 5 8 6 12 7 10 8 10 9 11 10 10 11 11 12 9 13 10 14 12 15 8 16 11 17 9 18 11 19 10 20 11 21 12 22 12 23 5 24 9 25 9 26 8 27 12 28 10 29 7 30 11 31 9 32 9 33 5 34 11 35 9 36 7 37 7 38 9 39 8 40 9 41 9 42 7 43 9 44 11 45 8 46 11 47 11 48 10 49 12 50 11 51 5 52 9 53 7 54 11 55 10 56 12 57 9 58 6 59 7 60 10 61 7 62 7 63 9 64 10 65 6 66 10 67 9 68 6 69 10 70 11 71 12 72 8 73 11 74 9 76 13 77 10 78 9 79 7 80 9 81 12 82 8 83 12 84 8 85 7 86 7 87 8 88 9 89 8 90 8 91 9 92 12 93 10 94 10 95 8 96 9 97 13 98 10 99 8
0 9 1 10 2 8 3 12 4 5 5 12 6 13 7 10 8 10 9 11 10 9 11 5 12 8 13 8 14 7 15 7 16 10 17 9 18 9 19 10 20 12 21 11 22 12 23 8 24 7 25 11 26 5 27 10 28 9 29 6 30 10 31 11 32 11 33 8 34 9 35 10 36 10 37 11 38 10 39 11 40 7 41 11 42 8 43 9 44 7 45 9 46 11 47 7 48 12 49 7 50 5 51 8 52 10 53 6 54 9 55 9 56 12 57 11 58 12 59 6 60 8 61 6 62 8 63 6 64 6 65 8 66 9 67 8 68 13 69 13 70 10 71 7 72 8 73 7 74 11 75 13 77 11 78 11 79 11 80 12 81 9 82 8 83 6 84 6 85 11 86 12 87 10 88 6 89 14 90 10 91 12 92 8 93 9 94 12 95 10 96 12 97 12 98 8 99 12
0 12 1 9 2 10 3 8 4 6 5 7 6 8 7 9 8 11 9 11 10 12 11 7 12 7 13 9 14 8 15 11 16 12 17 13 18 12 19 7 20 7 21 10 22 10 23 8 24 8 25 11 26 10 27 11 28 8 29 9 30 6 31 8 32 10 33 8 34 11 35 9 36 10 37 12 38 7 39 10 40 7 41 8 42 8 43 8 44 10 45 9 46 9 47 7 48 15 49 9 50 9 51 11 52 8 53 9 54 13 55 9 56 8 57 10 58 8 59 9 60 9 61 10 62 7 63 13 64 10 65 8 66 7 67 9 68 12 69 7 70 10 71 7 72 12 73 11 74 14 75 10 76 11 78 9 79 10 80 7 81 10 82 7 83 9 84 8 85 10 86 8 87 8 88 13 89 10 90 11 91 12 92 12 93 10 94 10 95 9 96 8 97 11 98 10 99 13
0 11 1 9 2 5 3 10 4 10 5 15 6 12 7 8 8 10 9 5 10 9 11 8 12 9 13 10 14 7 15 10 16 8 17 14 18 12 19 12 20 5 21 9 22 9 23 7 24 8 25 8 26 11 27 8 28 9 29 10 30 6 31 6 32 12 33 9 34 8 35 9 36 8 37 8 38 10 39 12 40 8 41 11 42 11 43 10 44 10 45 13 46 11 47 11 48 10 49 6 50 9 51 8 52 11 53 9 54 13 55 11 56 7 57 11 58 11 59 9 60 12 61 11 62 7 63 8 64 12 65 7 66 9 67 11 68 7 69 7 70 9 71 11 72 8 73 8 74 6 75 9 76 11 77 9 79 9 80 10 81 9 82 8 83 8 84 8 85 8 86 6 87 10 88 12 89 8 90 10 91 10 92 8 93 8 94 8 95 7 96 9 97 9 98 8 99 7
0 10 1 8 2 10 3 11 4 7 5 8 6 12 7 8 8 7 9 10 10 7 11 9 12 9 13 7 14 9 15 11 16 10 17 11 18 11 19 10 20 6 21 6 22 10 23 9 24 11 25 7 26 6 27 11 28 9 29 10 30 10 31 9 32 9 33 9 34 9 35 7 36 7 37 7 38 10 39 10 40 11 41 12 42 13 43 9 44 12 45 8 46 12 47 7 48 11 49 6 50 13 51 11 52 8 53 9 54 7 55 11 56 12 57 13 58 8 59 9 60 7 61 8 62 10 63 5 64 9 65 10 66 7 67 11 68 8 69 9 70 10 71 5 72 9 73 10 74 9 75 7 76 11 77 10 78 9 80 7 81 7 82 9 83 7 84 12 85 10 86 10 87 12 88 13 89 7 90 10 91 8 92 9 93 11 94 6 95 8 96 9 97 11 98 10 99 9
0 9 1 12 2 10 3 10 4 11 5 12 6 9 7 7 8 10 9 9 10 11 11 11 12 12 13 9 14 10 15 12 16 9 17 8 18 9 19 9 20 9 21 7 22 10 23 10 24 7 25 6 26 10 27 11 28 8 29 10 30 10 31 10 32 10 33 10 34 5 35 9 36 12 37 6 38 9 39 10 40 7 41 9 42 8 43 9 44 6 45 8 46 7 47 10 48 11 49 9 50 8 51 9 52 11 53 7 54 12 55 9 56 5 57 8 58 9 59 14 60 11 61 11 62 11 63 10 64 9 65 12 66 5 67 11 68 12 69 10 70 9 71 8 72 10 73 12 74 12 75 9 76 12 77 7 78 10 79 7 81 8 82 11 83 8 84 10 85 11 86 6 87 6 88 7 89 13 90 10 91 9 92 10 93 10 94 9 95 9 96 11 97 6 98 9 99 9
0 11 1 4 2 9 3 7 4 10 5 6 6 13 7 10 8 10 9 8 10 9 11 11 12 9 13 8 14 11 15 9 16 13 17 10 18 9 19 10 20 9 21 11 22 10 23 12 24 9 25 6 26 9 27 9 28 11 29 10 30 7 31 6 32 16 33 13 34 9 35 6 36 12 37 9 38 10 39 11 40 8 41 10 42 8 43 12 44 9 45 9 46 8 47 10 48 8 49 9 50 6 51 8 52 8 53 13 54 7 55 9 56 6 57 9 58 10 59 11 60 11 61 10 62 10 63 11 64 8 65 6 66 11 67 9 68 8 69 7 70 8 71 12 72 7 73 9 74 11 75 12 76 9 77 10 78 9 79 7 80 8 82 10 83 13 84 9 85 10 86 8 87 10 88 9 89 9 90 9 91 12 92 12 93 8 94 9 95 9 96 10 97 8 98 10 99 11
0 8 1 11 2 8 3 11 4 10 5 7 6 7 7 11 8 8 9 9 10 4 11 8 12 9 13 7 14 7 15 9 16 9 17 8 18 10 19 7 20 10 21 12 22 9 23 8 24 9 25 10 26 11 27 8 28 7 29 7 30 9 31 6 32 11 33 8 34 12 35 7 36 11 37 9 38 9 39 9 40 8 41 7 42 10 43 9 44 10 45 6 46 7 47 12 48 8 49 11 50 9 51 10 52 6 53 8 54 9 55 9 56 9 57 10 58 5 59 7 60 11 61 9 62 7 63 10 64 7 65 9 66 8 67 5 68 10 69 8 70 8 71 9 72 9 73 8 74 10 75 8 76 8 77 7 78 8 79 9 80 11 81 10 83 8 84 11 85 8 86 10 87 10 88 11 89 10 90 9 91 4 92 6 93 10 94 8 95 9 96 6 97 9 98 8 99 5
0 14 1 7 2 8 3 11 4 9 5 8 6 8 7 9 8 11 9 10 10 5 11 13 12 10 13 6 14 8 15 6 16 8 17 12 18 5 19 8 20 7 21 6 22 9 23 10 24 7 25 7 26 6 27 10 28 6 29 7 30 5 31 11 32 12 33 11 34 11 35 11 36 11 37 11 38 8 39 10 40 10 41 10 42 12 43 4 44 9 45 9 46 10 47 7 48 10 49 12 50 10 51 9 52 6 53 9 54 10 55 10 56 12 57 7 58 7 59 11 60 10 61 9 62 6 63 8 64 10 65 8 66 8 67 8 68 6 69 6 70 8 71 14 72 13 73 10 74 14 75 12 76 6 77 9 78 8 79 7 80 8 81 13 82 8 84 5 85 10 86 12 87 6 88 12 89 9 90 11 91 9 92 9 93 11 94 9 95 8 96 8 97 12 98 9 99 10
0 11 1 13 2 12 3 12 4 11 5 11 6 6 7 9 8 11 9 7 10 10 11 8 12 10 13 7 14 11 15 9 16 10 17 13 18 6 19 8 20 9 21 10 22 13 23 6 24 9 25 14 26 12 27 6 28 10 29 10 30 9 31 10 32 7 33 9 34 9 35 7 36 9 37 8 38 9 39 11 40 7 41 8 42 7 43 9 44 11 45 8 46 11 47 7 48 11 49 8 50 12 51 7 52 13 53 12 54 11 55 9 56 8 57 10 58 9 59 10 60 13 61 8 62 8 63 10 64 9 65 13 66 10 67 9 68 14 69 8 70 7 71 11 72 7 73 10 74 10 75 8 76 6 77 8 78 8 79 12 80 10 81 9 82 11 83 5 85 8 86 7 87 12 88 7 89 6 90 6 91 9 92 8 93 10 94 13 95 9 96 9 97 8 98 9 99 6
0 10 1 7 2 12 3 9 4 8 5 10 6 11 7 9 8 9 9 8 10 10 11 11 12 13 13 10 14 9 15 9 16 9 17 10 18 10 19 5 20 14 21 14 22 9 23 10 24 6 25 8 26 10 27 7 28 11 29 8 30 9 31 11 32 11 33 10 34 12 35 10 36 12 37 9 38 10 39 11 40 11 41 17 42 6 43 11 44 9 45 8 46 11 47 8 48 9 49 12 50 9 51 11 52 8 53 10 54 8 55 7 56 10 57 7 58 9 59 10 60 12 61 9 62 9 63 8 64 12 65 7 66 13 67 6 68 10 69 11 70 11 71 13 72 10 73 10 74 9 75 7 76 11 77 10 78 8 79 10 80 11 81 10 82 8 83 10 84 8 86 11 87 12 88 11 89 10 90 5 91 10 92 8 93 12 94 9 95 11 96 10 97 12 98 10 99 10
0 10 1 11 2 8 3 9 4 10 5 9 6 10 7 7 8 11 9 10 10 7 11 10 12 6 13 10 14 10 15 9 16 7 17 9 18 9 19 9 20 11 21 11 22 7 23 10 24 9 25 9 26 11 27 10 28 11 29 9 30 8 31 10 32 5 33 10 34 9 35 7 36 11 37 9 38 11 39 9 40 10 41 7 42 8 43 15 44 10 45 12 46 7 47 10 48 12 49 11 50 11 51 8 52 9 53 11 54 8 55 7 56 11 57 6 58 9 59 8 60 8 61 12 62 6 63 9 64 9 65 12 66 9 67 14 68 9 69 11 70 11 71 10 72 12 73 9 74 11 75 7 76 12 77 8 78 6 79 10 80 6 81 8 82 10 83 12 84 7 85 11 87 9 88 7 89 9 90 10 91 13 92 10 93 12 94 9 95 9 96 7 97 10 98 13 99 10
0 7 1 10 2 5 3 13 4 11 5 11 6 7 7 7 8 9 9 6 10 10 11 8 12 10 13 11 14 9 15 8 16 10 17 9 18 12 19 7 20 11 21 11 22 9 23 9 24 13 25 13 26 11 27 11 28 10 29 9 30 11 31 10 32 7 33 10 34 10 35 8 36 11 37 9 38 9 39 6 40 10 41 9 42 8 43 13 44 11 45 12 46 8 47 12 48 10 49 8 50 12 51 11 52 8 53 8 54 11 55 3 56 10 57 8 58 7 59 9 60 10 61 9 62 5 63 8 64 9 65 13 66 8 67 13 68 8 69 9 70 7 71 8 72 14 73 6 74 8 75 8 76 10 77 8 78 10 79 12 80 6 81 10 82 10 83 6 84 12 85 12 86 9 88 12 89 5 90 11 91 9 92 15 93 7 94 11 95 11 96 7 97 10 98 8 99 10
0 10 1 9 2 7 3 9 4 10 5 8 6 12 7 12 8 9 9 9 10 11 11 9 12 10 13 9 14 12 15 12 16 10 17 12 18 10 19 13 20 12 21 6 22 9 23 8 24 6 25 12 26 9 27 11 28 9 29 10 30 8 31 9 32 12 33 10 34 11 35 9 36 10 37 8 38 10 39 10 40 12 41 12 42 9 43 10 44 12 45 6 46 9 47 9 48 9 49 10 50 8 51 11 52 9 53 9 54 12 55 8 56 11 57 10 58 11 59 8 60 9 61 11 62 10 63 5 64 7 65 11 66 14 67 10 68 9 69 11 70 8 71 9 72 9 73 9 74 10 75 9 76 6 77 13 78 12 79 13 80 7 81 9 82 11 83 12 84 7 85 11 86 7 87 12 89 7 90 12 91 8 92 9 93 12 94 10 95 10 96 8 97 10 98 11 99 13
0 7 1 11 2 6 3 10 4 9 5 10 6 7 7 8 8 13 9 9 10 9 11 9 12 11 13 13 14 11 15 9 16 13 17 8 18 9 19 7 20 10 21 10 22 6 23 10 24 10 25 7 26 7 27 10 28 8 29 9 30 12 31 8 32 10 33 8 34 9 35 12 36 8 37 12 38 9 39 9 40 9 41 9 42 10 43 10 44 8 45 7 46 8 47 7 48 10 49 11 50 11 51 11 52 7 53 8 54 12 55 11 56 9 57 11 58 8 59 8 60 7 61 7 62 12 63 7 64 12 65 6 66 10 67 11 68 10 69 6 70 7 71 11 72 10 73 9 74 8 75 8 76 14 77 10 78 8 79 7 80 13 81 9 82 10 83 9 84 6 85 10 86 9 87 5 88 7 90 7 91 8 92 15 93 9 94 9 95 11 96 8 97 8 98 4 99 7
0 8 1 11 2 9 3 8 4 10 5 10 6 12 7 6 8 7 9 13 10 8 11 9 12 10 13 7 14 9 15 9 16 9 17 11 18 11 19 7 20 8 21 10 22 14 23 7 24 8 25 10 26 10 27 8 28 8 29 8 30 9 31 10 32 3 33 10 34 5 35 9 36 11 37 11 38 9 39 8 40 6 41 12 42 8 43 8 44 14 45 11 46 8 47 9 48 10 49 9 50 10 51 11 52 11 53 11 54 10 55 9 56 7 57 9 58 11 59 9 60 12 61 11 62 11 63 8 64 12 65 7 66 8 67 9 68 10 69 9 70 8 71 8 72 10 73 9 74 9 75 8 76 10 77 11 78 10 79 10 80 10 81 9 82 9 83 11 84 6 85 5 86 10 87 11 88 12 89 7 91 8 92 11 93 12 94 12 95 8 96 11 97 9 98 8 99 10
0 11 1 7 2 12 3 8 4 7 5 7 6 7 7 9 8 11 9 10 10 10 11 7 12 12 13 13 14 8 15 13 16 12 17 11 18 9 19 10 20 9 21 11 22 8 23 7 24 8 25 11 26 12 27 13 28 9 29 11 30 9 31 11 32 10 33 11 34 13 35 9 36 9 37 10 38 14 39 8 40 8 41 6 42 11 43 9 44 6 45 8 46 7 47 12 48 8 49 10 50 11 51 12 52 9 53 9 54 13 55 10 56 13 57 8 58 10 59 10 60 3 61 9 62 11 63 7 64 10 65 6 66 8 67 7 68 9 69 10 70 8 71 9 72 9 73 9 74 6 75 9 76 12 77 12 78 10 79 8 80 9 81 12 82 4 83 9 84 9 85 10 86 13 87 9 88 8 89 8 90 8 92 11 93 9 94 7 95 8 96 11 97 10 98 12 99 7
0 9 1 8 2 13 3 11 4 7 5 8 6 11 7 10 8 12 9 8 10 13 11 8 12 10 13 8 14 13 15 9 16 9 17 7 18 5 19 10 20 9 21 5 22 9 23 10 24 7 25 11 26 9 27 10 28 11 29 9 30 11 31 8 32 11 33 14 34 9 35 9 36 10 37 13 38 11 39 8 40 9 41 7 42 10 43 12 44 9 45 9 46 11 47 11 48 7 49 11 50 11 51 10 52 9 53 8 54 6 55 13 56 10 57 9 58 8 59 6 60 13 61 12 62 9 63 10 64 8 65 7 66 10 67 12 68 8 69 11 70 8 71 10 72 7 73 7 74 6 75 12 76 8 77 12 78 8 79 9 80 10 81 12 82 6 83 9 84 8 85 8 86 10 87 15 88 9 89 15 90 11 91 11 93 12 94 9 95 8 96 9 97 10 98 8 99 9
0 8 1 10 2 7 3 9 4 7 5 12 6 11 7 12 8 6 9 10 10 9 11 10 12 9 13 9 14 9 15 9 16 10 17 8 18 12 19 8 20 8 21 9 22 9 23 11 24 12 25 9 26 10 27 10 28 8 29 9 30 11 31 8 32 9 33 13 34 11 35 6 36 7 37 8 38 9 39 11 40 9 41 8 42 11 43 9 44 7 45 13 46 10 47 11 48 7 49 6 50 9 51 7 52 13 53 8 54 5 55 11 56 9 57 8 58 15 59 8 60 10 61 10 62 10 63 7 64 9 65 6 66 8 67 13 68 9 69 8 70 11 71 8 72 9 73 8 74 8 75 10 76 9 77 10 78 8 79 11 80 10 81 8 82 10 83 11 84 10 85 12 86 12 87 7 88 12 89 9 90 12 91 9 92 12 94 7 95 8 96 11 97 8 98 12 99 10
0 11 1 9 2 10 3 6 4 12 5 11 6 8 7 12 8 9 9 9 10 13 11 10 12 10 13 6 14 10 15 7 16 9 17 8 18 11 19 9 20 11 21 10 22 8 23 14 24 10 25 8 26 10 27 9 28 9 29 10 30 9 31 8 32 9 33 8 34 8 35 8 36 9 37 12 38 7 39 8 40 9 41 6 42 10 43 10 44 12 45 16 46 8 47 7 48 9 49 10 50 12 51 6 52 9 53 9 54 11 55 10 56 10 57 9 58 12 59 7 60 8 61 8 62 10 63 10 64 10 65 13 66 12 67 9 68 11 69 6 70 10 71 10 72 9 73 11 74 7 75 10 76 12 77 10 78 8 79 6 80 9 81 9 82 8 83 9 84 13 85 9 86 9 87 11 88 10 89 9 90 12 91 7 92 9 93 7 95 11 96 9 97 5 98 8 99 12
0 12 1 10 2 9 3 11 4 9 5 10 6 9 7 7 8 9 9 10 10 13 11 12 12 6 13 11 14 8 15 9 16 9 17 11 18 8 19 7 20 6 21 9 22 7 23 10 24 6 25 9 26 9 27 11 28 12 29 9 30 9 31 13 32 7 33 14 34 9 35 3 36 12 37 9 38 8 39 12 40 11 41 9 42 10 43 7 44 9 45 5 46 4 47 7 48 11 49 5 50 8 51 9 52 14 53 11 54 8 55 10 56 9 57 9 58 9 59 7 60 8 61 8 62 9 63 12 64 8 65 11 66 10 67 11 68 8 69 11 70 9 71 10 72 9 73 7 74 4 75 8 76 10 77 9 78 7 79 8 80 9 81 9 82 9 83 8 84 9 85 11 86 9 87 11 88 10 89 11 90 8 91 8 92 8 93 8 94 11 96 7 97 10 98 9 99 7
0 11 1 6 2 10 3 8 4 9 5 10 6 9 7 10 8 8 9 5 10 7 11 8 12 9 13 9 14 9 15 12 16 8 17 9 18 10 19 8 20 6 21 9 22 11 23 11 24 8 25 9 26 8 27 11 28 10 29 9 30 8 31 10 32 10 33 9 34 8 35 9 36 9 37 11 38 11 39 6 40 7 41 7 42 12 43 9 44 8 45 13 46 11 47 6 48 7 49 14 50 5 51 10 52 8 53 9 54 12 55 9 56 10 57 11 58 10 59 9 60 7 61 8 62 13 63 5 64 9 65 7 66 11 67 8 68 10 69 7 70 12 71 9 72 9 73 8 74 6 75 9 76 12 77 8 78 9 79 9 80 11 81 10 82 6 83 8 84 9 85 10 86 7 87 7 88 8 89 8 90 11 91 11 92 9 93 11 94 9 95 7 97 10 98 9 99 11
0 10 1 10 2 6 3 9 4 10 5 10 6 9 7 11 8 8 9 11 10 10 11 10 12 8 13 10 14 6 15 8 16 9 17 11 18 9 19 7 20 9 21 10 22 7 23 13 24 8 25 10 26 9 27 10 28 9 29 7 30 11 31 7 32 10 33 12 34 7 35 9 36 11 37 9 38 10 39 12 40 11 41 11 42 11 43 12 44 9 45 10 46 10 47 11 48 11 49 12 50 14 51 9 52 12 53 13 54 11 55 9 56 10 57 11 58 8 59 14 60 10 61 7 62 9 63 11 64 4 65 11 66 10 67 8 68 11 69 10 70 6 71 11 72 10 73 9 74 11 75 13 76 12 77 11 78 9 79 11 80 6 81 8 82 9 83 12 84 8 85 12 86 10 87 10 88 10 89 8 90 9 91 10 92 10 93 8 94 5 95 10 96 10 98 10 99 11
0 7 1 10 2 6 3 11 4 9 5 7 6 10 7 8 8 8 9 7 10 11 11 11 12 10 13 7 14 9 15 11 16 11 17 9 18 12 19 11 20 11 21 10 22 10 23 11 24 9 25 11 26 10 27 8 28 14 29 10 30 11 31 9 32 12 33 9 34 8 35 9 36 10 37 10 38 14 39 11 40 8 41 8 42 11 43 10 44 8 45 10 46 7 47 9 48 8 49 10 50 10 51 8 52 9 53 12 54 6 55 9 56 9 57 11 58 11 59 8 60 10 61 12 62 11 63 11 64 10 65 9 66 9 67 11 68 8 69 7 70 13 71 9 72 12 73 10 74 6 75 10 76 8 77 10 78 8 79 10 80 9 81 10 82 8 83 9 84 9 85 10 86 13 87 8 88 11 89 4 90 8 91 12 92 8 93 12 94 8 95 9 96 9 97 10 99 11
0 10 1 8 2 7 3 9 4 10 5 10 6 10 7 8 8 10 9 8 10 11 11 7 12 11 13 11 14 5 15 8 16 8 17 12 18 10 19 8 20 6 21 9 22 9 23 8 24 10 25 10 26 8 27 9 28 12 29 10 30 8 31 8 32 12 33 8 34 8 35 9 36 6 37 10 38 8 39 10 40 7 41 12 42 12 43 12 44 8 45 11 46 9 47 8 48 10 49 11 50 8 51 10 52 8 53 12 54 11 55 10 56 8 57 6 58 10 59 9 60 9 61 11 62 11 63 10 64 5 65 10 66 6 67 14 68 4 69 10 70 9 71 12 72 11 73 10 74 9 75 8 76 12 77 13 78 7 79 9 80 9 81 11 82 5 83 10 84 6 85 10 86 10 87 10 88 13 89 7 90 10 91 7 92 9 93 10 94 12 95 7 96 11 97 11 98 11
