0 19
1 5
2 15
3 7
4 18
5 7
6 13
7 14
8 11
9 16
10 13
11 6
12 10
13 10
14 11
15 0
16 14
17 3
18 4
19 14
20 16
21 12
22 1
23 8
24 9
25 0
26 0
27 17
28 17
29 8
30 0
31 9
32 18
33 6
34 16
35 11
36 6
37 9
38 15
39 19
40 9
41 12
42 2
43 19
44 2
45 8
46 13
47 13
48 6
49 16
50 12
51 2
52 1
53 5
54 14
55 10
56 15
57 4
58 14
59 16
60 10
61 3
62 4
63 19
64 2
65 5
66 1
67 15
68 1
69 5
70 3
71 7
72 7
73 9
74 18
75 17
76 17
77 19
78 13
79 12
80 10
81 18
82 0
83 18
84 1
85 3
86 5
87 7
88 8
89 11
90 2
91 15
92 11
93 4
94 8
95 6
96 4
97 12
98 3
99 17
