181.74670508933488 1183436
181.74670508933488 1180568
181.74670508933488 1177176
181.74670508933488 1177254
181.74670508933488 1177449
181.74670508933488 1177427
181.74670508933488 1176796
181.74670508933488 1176907
181.74670508933488 1177603
181.74670508933488 1178053
181.74670508933488 1177059
181.74670508933488 1176864
181.74670508933488 1177730
181.74670508933488 1178032
181.74670508933488 1177164
181.74670508933488 1177099
181.74670508933488 1177078
181.74670508933488 1177787
181.74670508933488 1177359
181.74670508933488 1177040
181.74670508933488 1178689
181.74670508933488 1177559
181.74670508933488 1177624
181.74670508933488 1177445
181.74670508933488 1177375
181.74670508933488 1177325
181.74670508933488 1177336
181.74670508933488 1177652
181.74670508933488 1177075
181.74670508933488 1177113
181.74670508933488 1177003
181.74670508933488 1177574
181.74670508933488 1177832
181.74670508933488 1177702
181.74670508933488 1177156
181.74670508933488 1176956
181.74670508933488 1177824
181.74670508933488 1177699
181.74670508933488 1177066
181.74670508933488 1177382
181.74670508933488 1177081
181.74670508933488 1177235
181.74670508933488 1177840
181.74670508933488 1177437
181.74670508933488 1177251
181.74670508933488 1176860
181.74670508933488 1177696
181.74670508933488 1155945
181.74670508933488 1123817
181.74670508933488 1124268
