130.3439655690919 0
130.3439655690919 0
130.3439655690919 0
130.3439655690919 0
130.3439655690919 0
130.3439655690919 0
130.3439655690919 0
130.3439655690919 0
130.3439655690919 0
130.3439655690919 0
130.3439655690919 1
130.3439655690919 0
130.3439655690919 0
130.3439655690919 0
130.3439655690919 0
130.3439655690919 0
130.3439655690919 0
130.3439655690919 0
130.3439655690919 0
130.3439655690919 0
130.3439655690919 1
130.3439655690919 0
130.3439655690919 0
130.3439655690919 0
130.3439655690919 1
130.3439655690919 0
130.3439655690919 0
130.3439655690919 0
130.3439655690919 0
130.3439655690919 0
130.3439655690919 0
130.3439655690919 0
130.3439655690919 0
130.3439655690919 0
130.3439655690919 0
130.3439655690919 0
130.3439655690919 0
130.3439655690919 0
130.3439655690919 0
130.3439655690919 0
130.3439655690919 0
130.3439655690919 1
130.3439655690919 0
130.3439655690919 0
130.3439655690919 1
130.3439655690919 0
130.3439655690919 0
130.3439655690919 0
130.3439655690919 0
130.3439655690919 0
