181.74670508933488 0
181.74670508933488 0
181.74670508933488 0
181.74670508933488 0
181.74670508933488 1
181.74670508933488 0
181.74670508933488 0
181.74670508933488 0
181.74670508933488 1
181.74670508933488 0
181.74670508933488 0
181.74670508933488 0
181.74670508933488 0
181.74670508933488 0
181.74670508933488 0
181.74670508933488 0
181.74670508933488 0
181.74670508933488 0
181.74670508933488 0
181.74670508933488 0
181.74670508933488 0
181.74670508933488 0
181.74670508933488 0
181.74670508933488 0
181.74670508933488 1
181.74670508933488 0
181.74670508933488 0
181.74670508933488 1
181.74670508933488 0
181.74670508933488 0
181.74670508933488 1
181.74670508933488 0
181.74670508933488 0
181.74670508933488 0
181.74670508933488 1
181.74670508933488 0
181.74670508933488 0
181.74670508933488 1
181.74670508933488 0
181.74670508933488 0
181.74670508933488 1
181.74670508933488 0
181.74670508933488 0
181.74670508933488 0
181.74670508933488 0
181.74670508933488 0
181.74670508933488 0
181.74670508933488 0
181.74670508933488 0
181.74670508933488 0
