============第1轮==============
1   0   0   
1   0   0   
1   0   0   
1   0   0   
0   1   0   
0   0   1   
1   0   0   
1   0   0   
0   0   1   
1   0   0   
1   0   0   
0   1   0   
1   0   0   
1   0   0   
1   0   0   

============第2轮==============
1   0   0   
1   0   0   
1   0   0   
1   0   0   
0   1   0   
0   0   1   
1   0   0   
1   0   0   
0   0   1   
1   0   0   
1   0   0   
0   1   0   
1   0   0   
1   0   0   
1   0   0   

============第3轮==============
1   0   0   
1   0   0   
1   0   0   
1   0   0   
0   1   0   
0   0   1   
1   0   0   
1   0   0   
0   0   1   
1   0   0   
1   0   0   
0   1   0   
1   0   0   
1   0   0   
1   0   0   

============第4轮==============
1   0   0   
1   0   0   
1   0   0   
1   0   0   
0   1   0   
0   0   1   
1   0   0   
1   0   0   
0   0   1   
1   0   0   
1   0   0   
0   1   0   
1   0   0   
1   0   0   
1   0   0   

============第5轮==============
1   0   0   
1   0   0   
1   0   0   
1   0   0   
0   1   0   
0   0   1   
1   0   0   
1   0   0   
0   0   1   
1   0   0   
1   0   0   
0   1   0   
1   0   0   
1   0   0   
1   0   0   

============第6轮==============
1   0   0   
1   0   0   
1   0   0   
1   0   0   
0   1   0   
0   0   1   
1   0   0   
1   0   0   
0   0   1   
1   0   0   
1   0   0   
0   1   0   
1   0   0   
1   0   0   
1   0   0   

============第7轮==============
1   0   0   
1   0   0   
1   0   0   
1   0   0   
0   1   0   
0   0   1   
1   0   0   
1   0   0   
0   0   1   
1   0   0   
1   0   0   
0   1   0   
1   0   0   
1   0   0   
1   0   0   

============第8轮==============
1   0   0   
1   0   0   
1   0   0   
1   0   0   
0   1   0   
0   0   1   
1   0   0   
1   0   0   
0   0   1   
1   0   0   
1   0   0   
0   1   0   
1   0   0   
1   0   0   
1   0   0   

============第9轮==============
1   0   0   
1   0   0   
1   0   0   
1   0   0   
0   1   0   
0   0   1   
1   0   0   
1   0   0   
0   0   1   
1   0   0   
1   0   0   
0   1   0   
1   0   0   
1   0   0   
1   0   0   

============第10轮==============
1   0   0   
1   0   0   
1   0   0   
1   0   0   
0   1   0   
0   0   1   
1   0   0   
1   0   0   
0   0   1   
1   0   0   
1   0   0   
0   1   0   
1   0   0   
1   0   0   
1   0   0   

============第11轮==============
1   0   0   
1   0   0   
1   0   0   
1   0   0   
0   1   0   
0   0   1   
1   0   0   
1   0   0   
0   0   1   
1   0   0   
1   0   0   
0   1   0   
1   0   0   
1   0   0   
1   0   0   

============第12轮==============
1   0   0   
1   0   0   
1   0   0   
1   0   0   
0   1   0   
0   0   1   
1   0   0   
1   0   0   
0   0   1   
1   0   0   
1   0   0   
0   1   0   
1   0   0   
1   0   0   
1   0   0   

============第13轮==============
1   0   0   
1   0   0   
1   0   0   
1   0   0   
0   1   0   
0   0   1   
1   0   0   
1   0   0   
0   0   1   
1   0   0   
1   0   0   
0   1   0   
1   0   0   
1   0   0   
1   0   0   

============第14轮==============
1   0   0   
1   0   0   
1   0   0   
1   0   0   
0   1   0   
0   0   1   
1   0   0   
1   0   0   
0   0   1   
1   0   0   
1   0   0   
0   1   0   
1   0   0   
1   0   0   
1   0   0   

============第15轮==============
1   0   0   
1   0   0   
1   0   0   
1   0   0   
0   1   0   
0   0   1   
1   0   0   
1   0   0   
0   0   1   
1   0   0   
1   0   0   
0   1   0   
1   0   0   
1   0   0   
1   0   0   

============第16轮==============
1   0   0   
1   0   0   
1   0   0   
1   0   0   
0   1   0   
0   0   1   
1   0   0   
1   0   0   
0   0   1   
1   0   0   
1   0   0   
0   1   0   
1   0   0   
1   0   0   
1   0   0   

============第17轮==============
1   0   0   
1   0   0   
1   0   0   
1   0   0   
0   1   0   
0   0   1   
1   0   0   
1   0   0   
0   0   1   
1   0   0   
1   0   0   
0   1   0   
1   0   0   
1   0   0   
1   0   0   

============第18轮==============
1   0   0   
1   0   0   
1   0   0   
1   0   0   
0   1   0   
0   0   1   
1   0   0   
1   0   0   
0   0   1   
1   0   0   
1   0   0   
0   1   0   
1   0   0   
1   0   0   
1   0   0   

============第19轮==============
1   0   0   
1   0   0   
1   0   0   
1   0   0   
0   1   0   
0   0   1   
1   0   0   
1   0   0   
0   0   1   
1   0   0   
1   0   0   
0   1   0   
1   0   0   
1   0   0   
1   0   0   

============第20轮==============
1   0   0   
1   0   0   
1   0   0   
1   0   0   
0   1   0   
0   0   1   
1   0   0   
1   0   0   
0   0   1   
1   0   0   
1   0   0   
0   1   0   
1   0   0   
1   0   0   
1   0   0   

============第21轮==============
1   0   0   
1   0   0   
1   0   0   
1   0   0   
0   1   0   
0   0   1   
1   0   0   
1   0   0   
0   0   1   
1   0   0   
1   0   0   
0   1   0   
1   0   0   
1   0   0   
1   0   0   

============第22轮==============
1   0   0   
1   0   0   
1   0   0   
1   0   0   
0   1   0   
0   0   1   
1   0   0   
1   0   0   
0   0   1   
1   0   0   
1   0   0   
0   1   0   
1   0   0   
1   0   0   
1   0   0   

============第23轮==============
1   0   0   
1   0   0   
1   0   0   
1   0   0   
0   1   0   
0   0   1   
1   0   0   
1   0   0   
0   0   1   
1   0   0   
1   0   0   
0   1   0   
1   0   0   
1   0   0   
1   0   0   

============第24轮==============
1   0   0   
1   0   0   
1   0   0   
1   0   0   
0   1   0   
0   0   1   
1   0   0   
1   0   0   
0   0   1   
1   0   0   
1   0   0   
0   1   0   
1   0   0   
1   0   0   
1   0   0   

============第25轮==============
1   0   0   
1   0   0   
1   0   0   
1   0   0   
0   1   0   
0   0   1   
1   0   0   
1   0   0   
0   0   1   
1   0   0   
1   0   0   
0   1   0   
1   0   0   
1   0   0   
1   0   0   

============第26轮==============
1   0   0   
1   0   0   
1   0   0   
1   0   0   
0   1   0   
0   0   1   
1   0   0   
1   0   0   
0   0   1   
1   0   0   
1   0   0   
0   1   0   
1   0   0   
1   0   0   
1   0   0   

============第27轮==============
1   0   0   
1   0   0   
1   0   0   
1   0   0   
0   1   0   
0   0   1   
1   0   0   
1   0   0   
0   0   1   
1   0   0   
1   0   0   
0   1   0   
1   0   0   
1   0   0   
1   0   0   

============第28轮==============
1   0   0   
1   0   0   
1   0   0   
1   0   0   
0   1   0   
0   0   1   
1   0   0   
1   0   0   
0   0   1   
1   0   0   
1   0   0   
0   1   0   
1   0   0   
1   0   0   
1   0   0   

============第29轮==============
1   0   0   
1   0   0   
1   0   0   
1   0   0   
0   1   0   
0   0   1   
1   0   0   
1   0   0   
0   0   1   
1   0   0   
1   0   0   
0   1   0   
1   0   0   
1   0   0   
1   0   0   

============第30轮==============
1   0   0   
1   0   0   
1   0   0   
1   0   0   
0   1   0   
0   0   1   
1   0   0   
1   0   0   
0   0   1   
1   0   0   
1   0   0   
0   1   0   
1   0   0   
1   0   0   
1   0   0   

============第31轮==============
1   0   0   
1   0   0   
1   0   0   
1   0   0   
0   1   0   
0   0   1   
1   0   0   
1   0   0   
0   0   1   
1   0   0   
1   0   0   
0   1   0   
1   0   0   
1   0   0   
1   0   0   

============第32轮==============
1   0   0   
1   0   0   
1   0   0   
1   0   0   
0   1   0   
0   0   1   
1   0   0   
1   0   0   
0   0   1   
1   0   0   
1   0   0   
0   1   0   
1   0   0   
1   0   0   
1   0   0   

============第33轮==============
1   0   0   
1   0   0   
1   0   0   
1   0   0   
0   1   0   
0   0   1   
1   0   0   
1   0   0   
0   0   1   
1   0   0   
1   0   0   
0   1   0   
1   0   0   
1   0   0   
1   0   0   

============第34轮==============
1   0   0   
1   0   0   
1   0   0   
1   0   0   
0   1   0   
0   0   1   
1   0   0   
1   0   0   
0   0   1   
1   0   0   
1   0   0   
0   1   0   
1   0   0   
1   0   0   
1   0   0   

============第35轮==============
1   0   0   
1   0   0   
1   0   0   
1   0   0   
0   1   0   
0   0   1   
1   0   0   
1   0   0   
0   0   1   
1   0   0   
1   0   0   
0   1   0   
1   0   0   
1   0   0   
1   0   0   

============第36轮==============
1   0   0   
1   0   0   
1   0   0   
1   0   0   
0   1   0   
0   0   1   
1   0   0   
1   0   0   
0   0   1   
1   0   0   
1   0   0   
0   1   0   
1   0   0   
1   0   0   
1   0   0   

============第37轮==============
1   0   0   
1   0   0   
1   0   0   
1   0   0   
0   1   0   
0   0   1   
1   0   0   
1   0   0   
0   0   1   
1   0   0   
1   0   0   
0   1   0   
1   0   0   
1   0   0   
1   0   0   

============第38轮==============
1   0   0   
1   0   0   
1   0   0   
1   0   0   
0   1   0   
0   0   1   
1   0   0   
1   0   0   
0   0   1   
1   0   0   
1   0   0   
0   1   0   
1   0   0   
1   0   0   
1   0   0   

============第39轮==============
1   0   0   
1   0   0   
1   0   0   
1   0   0   
0   1   0   
0   0   1   
1   0   0   
1   0   0   
0   0   1   
1   0   0   
1   0   0   
0   1   0   
1   0   0   
1   0   0   
1   0   0   

============第40轮==============
1   0   0   
1   0   0   
1   0   0   
1   0   0   
0   1   0   
0   0   1   
1   0   0   
1   0   0   
0   0   1   
1   0   0   
1   0   0   
0   1   0   
1   0   0   
1   0   0   
1   0   0   

============第41轮==============
1   0   0   
1   0   0   
1   0   0   
1   0   0   
0   1   0   
0   0   1   
1   0   0   
1   0   0   
0   0   1   
1   0   0   
1   0   0   
0   1   0   
1   0   0   
1   0   0   
1   0   0   

============第42轮==============
1   0   0   
1   0   0   
1   0   0   
1   0   0   
0   1   0   
0   0   1   
1   0   0   
1   0   0   
0   0   1   
1   0   0   
1   0   0   
0   1   0   
1   0   0   
1   0   0   
1   0   0   

============第43轮==============
1   0   0   
1   0   0   
1   0   0   
1   0   0   
0   1   0   
0   0   1   
1   0   0   
1   0   0   
0   0   1   
1   0   0   
1   0   0   
0   1   0   
1   0   0   
1   0   0   
1   0   0   

============第44轮==============
1   0   0   
1   0   0   
1   0   0   
1   0   0   
0   1   0   
0   0   1   
1   0   0   
1   0   0   
0   0   1   
1   0   0   
1   0   0   
0   1   0   
1   0   0   
1   0   0   
1   0   0   

============第45轮==============
1   0   0   
1   0   0   
1   0   0   
1   0   0   
0   1   0   
0   0   1   
1   0   0   
1   0   0   
0   0   1   
1   0   0   
1   0   0   
0   1   0   
1   0   0   
1   0   0   
1   0   0   

============第46轮==============
1   0   0   
1   0   0   
1   0   0   
1   0   0   
0   1   0   
0   0   1   
1   0   0   
1   0   0   
0   0   1   
1   0   0   
1   0   0   
0   1   0   
1   0   0   
1   0   0   
1   0   0   

============第47轮==============
1   0   0   
1   0   0   
1   0   0   
1   0   0   
0   1   0   
0   0   1   
1   0   0   
1   0   0   
0   0   1   
1   0   0   
1   0   0   
0   1   0   
1   0   0   
1   0   0   
1   0   0   

============第48轮==============
1   0   0   
1   0   0   
1   0   0   
1   0   0   
0   1   0   
0   0   1   
1   0   0   
1   0   0   
0   0   1   
1   0   0   
1   0   0   
0   1   0   
1   0   0   
1   0   0   
1   0   0   

============第49轮==============
1   0   0   
1   0   0   
1   0   0   
1   0   0   
0   1   0   
0   0   1   
1   0   0   
1   0   0   
0   0   1   
1   0   0   
1   0   0   
0   1   0   
1   0   0   
1   0   0   
1   0   0   

============第50轮==============
1   0   0   
1   0   0   
1   0   0   
1   0   0   
0   1   0   
0   0   1   
1   0   0   
1   0   0   
0   0   1   
1   0   0   
1   0   0   
0   1   0   
1   0   0   
1   0   0   
1   0   0   

