0.0 0
61.78130041697037 0
113.58075189168359 0
111.00500364785651 0
0.0 0
0.0 0
0.0 0
83.15454888616723 0
0.0 0
75.06223733701299 0
0.0 0
0.0 0
85.7113256951374 0
0.0 0
80.14524942005502 0
0.0 0
63.33732773179726 0
0.0 0
0.0 0
0.0 0
101.91146965529508 0
78.85140235960884 0
121.23152224404554 0
77.03199894800987 0
0.0 0
115.03230126091194 0
86.45976389889411 0
104.48356110841787 0
87.21131718619866 0
0.0 0
86.27657724465995 0
76.18725467618401 0
0.0 0
0.0 0
0.0 0
124.66969847350529 0
57.49979369387703 0
93.11287616597579 0
77.24382139448008 0
62.00246650251874 0
0.0 0
0.0 0
0.0 0
0.0 0
78.29533230207636 0
74.76474281380561 0
118.42015312252798 0
0.0 0
0.0 0
122.61623104091433 0
