179.41695368358367 40
180.1114437135925 39
173.79480798859186 39
181.74670508933488 39
177.4574203101381 39
178.92607958762633 39
177.85098927952035 40
178.78441687548585 39
175.71738538458723 39
178.92607958762633 39
181.74670508933488 39
178.92607958762633 39
181.03382637155144 40
167.92564039993232 39
181.73618725349186 40
181.03382637155144 39
180.14821272703546 38
179.2635892345253 40
181.73618725349186 40
175.07911288873797 39
169.40278330763238 40
181.03382637155144 39
175.71738538458723 39
177.4574203101381 40
177.8493123497395 40
178.92607958762633 39
169.06117158128828 40
180.14821272703546 38
179.5760084817226 39
178.59994752735915 40
167.55423518109254 39
170.02056051512244 40
176.01177662805415 38
181.74670508933488 39
173.79480798859186 39
176.45611688474332 40
181.74670508933488 39
170.02056051512244 39
176.24855005117976 39
166.32704835094276 38
174.40703817834938 40
170.83564393278488 40
178.78441687548585 38
181.03382637155144 39
180.1114437135925 40
172.08387373249855 39
180.1114437135925 39
181.74670508933488 39
179.98285070309834 39
181.73618725349186 39
