0 3
1 2
2 2
3 7
4 15
5 17
6 4
7 0
8 6
9 10
10 4
11 6
12 5
13 5
14 6
15 5
16 5
17 17
18 18
19 5
20 18
21 5
22 4
23 4
24 13
25 5
26 15
27 19
28 19
29 3
30 1
31 10
32 9
33 15
34 7
35 7
36 7
37 13
38 6
39 7
40 18
41 4
42 14
43 9
44 4
45 0
46 12
47 19
48 3
49 9
50 0
51 13
52 13
53 8
54 17
55 14
56 4
57 18
58 17
59 17
60 15
61 13
62 8
63 8
64 19
65 7
66 3
67 2
68 15
69 7
70 14
71 6
72 15
73 9
74 7
75 13
76 11
77 17
78 11
79 1
80 11
81 10
82 1
83 12
84 8
85 16
86 19
87 17
88 18
89 8
90 9
91 4
92 13
93 10
94 15
95 8
96 11
97 18
98 2
99 18
100 0
101 16
102 12
103 15
104 11
105 1
106 5
107 1
108 16
109 16
110 12
111 10
112 2
113 14
114 0
115 12
116 9
117 7
118 14
119 8
120 6
121 2
122 8
123 14
124 11
125 3
126 2
127 5
128 16
129 8
130 3
131 17
132 13
133 9
134 11
135 11
136 19
137 6
138 16
139 1
140 12
141 0
142 10
143 19
144 12
145 15
146 18
147 12
148 12
149 9
150 18
151 11
152 18
153 14
154 12
155 2
156 6
157 0
158 14
159 19
160 0
161 19
162 16
163 10
164 10
165 16
166 0
167 11
168 3
169 16
170 6
171 10
172 15
173 1
174 1
175 13
176 2
177 19
178 8
179 4
180 14
181 6
182 0
183 5
184 3
185 2
186 10
187 17
188 4
189 1
190 17
191 1
192 16
193 7
194 14
195 9
196 9
197 13
198 3
199 3
