1827.3217422085963 3
1827.3217422085963 2
1827.3217422085963 1
1827.3217422085963 2
1827.3217422085963 1
1827.3217422085963 1
1827.3217422085963 0
1827.3217422085963 2
1827.3217422085963 1
1827.3217422085963 1
1827.3217422085963 1
1827.3217422085963 0
1827.3217422085963 1
1827.3217422085963 1
1827.3217422085963 1
1827.3217422085963 0
1827.3217422085963 1
1827.3217422085963 0
1827.3217422085963 1
1827.3217422085963 1
1827.3217422085963 1
1827.3217422085963 1
1827.3217422085963 1
1827.3217422085963 1
1827.3217422085963 1
1827.3217422085963 0
1827.3217422085963 1
1827.3217422085963 0
1827.3217422085963 1
1827.3217422085963 0
1827.3217422085963 1
1827.3217422085963 0
1827.3217422085963 1
1827.3217422085963 0
1827.3217422085963 1
1827.3217422085963 1
1827.3217422085963 1
1827.3217422085963 0
1827.3217422085963 1
1827.3217422085963 0
1827.3217422085963 1
1827.3217422085963 0
1827.3217422085963 0
1827.3217422085963 1
1827.3217422085963 1
1827.3217422085963 0
1827.3217422085963 1
1827.3217422085963 0
1827.3217422085963 1
1827.3217422085963 0
