3497.1985762711147 23
3497.1985762711147 16
3497.1985762711147 20
3497.1985762711147 12
3497.1985762711147 12
3497.1985762711147 12
3497.1985762711147 11
3497.1985762711147 12
3497.1985762711147 12
3497.1985762711147 20
3497.1985762711147 14
3497.1985762711147 14
3497.1985762711147 11
3497.1985762711147 11
3497.1985762711147 11
3497.1985762711147 10
3497.1985762711147 11
3497.1985762711147 10
3497.1985762711147 10
3497.1985762711147 11
3497.1985762711147 10
3497.1985762711147 10
3497.1985762711147 10
3497.1985762711147 10
3497.1985762711147 10
3497.1985762711147 10
3497.1985762711147 11
3497.1985762711147 11
3497.1985762711147 10
3497.1985762711147 11
3497.1985762711147 10
3497.1985762711147 11
3497.1985762711147 10
3497.1985762711147 10
3497.1985762711147 9
3497.1985762711147 10
3497.1985762711147 10
3497.1985762711147 10
3497.1985762711147 10
3497.1985762711147 10
3497.1985762711147 10
3497.1985762711147 10
3497.1985762711147 10
3497.1985762711147 10
3497.1985762711147 9
3497.1985762711147 10
3497.1985762711147 10
3497.1985762711147 10
3497.1985762711147 9
3497.1985762711147 10
