3342.566467434378 206
3133.308133496903 198
3346.116850261097 195
3448.5276166711174 188
3302.998343551227 190
3317.161149117056 183
3330.725715581909 178
3304.800054498372 175
3362.9413815428006 175
3380.2459131997766 182
3283.9021167654914 177
3267.2740936482023 180
3308.2571676029424 179
3220.9528052041096 168
3310.1555628934525 178
3377.975272957624 169
3168.7900472289084 176
3175.410472362808 176
3306.606661683455 175
3483.152382176861 174
3265.1450365377186 172
3410.0889490037102 173
3424.130587522398 179
3260.245951582241 178
3421.9821756122433 177
3309.560624836562 170
3407.956657897495 174
3298.2409901304827 174
3265.6930181928756 168
3387.372024830164 177
3459.9607654531537 171
3380.750454675177 171
3305.9839580334865 168
3468.0604372333005 167
3327.2209110722565 166
3425.170108499789 163
3356.267765609519 167
3371.3220060923245 165
3172.5864277251108 166
3424.627525457119 167
3241.23542556971 171
3366.1270672197 174
3361.3728546759608 169
3343.62233716105 165
3387.2533273854647 169
3460.587333579664 172
3298.4348651584655 168
3372.4874714394105 168
3278.2051364582685 167
3443.1078576813334 169
