15 105 3
1 12 2 12 3 6 4 7 5 9 6 10 7 14 8 7 9 9 10 13 11 11 12 7 13 6 14 13
0 12 2 7 3 7 4 9 5 4 6 8 7 9 8 5 9 4 10 10 11 7 12 10 13 7 14 10
0 12 1 7 3 12 4 7 5 10 6 7 7 9 8 10 9 9 10 11 11 9 12 7 13 8 14 8
0 6 1 7 2 12 4 5 5 8 6 12 7 12 8 5 9 6 10 13 11 6 12 10 13 7 14 6
0 7 1 9 2 7 3 5 5 9 6 5 7 12 8 7 9 14 10 8 11 17 12 10 13 10 14 4
0 9 1 4 2 10 3 8 4 9 6 6 7 8 8 17 9 12 10 11 11 3 12 9 13 10 14 10
0 10 1 8 2 7 3 12 4 5 5 6 7 7 8 4 9 9 10 11 11 6 12 12 13 11 14 14
0 14 1 9 2 9 3 12 4 12 5 8 6 7 8 10 9 6 10 7 11 7 12 11 13 11 14 8
0 7 1 5 2 10 3 5 4 7 5 17 6 4 7 10 9 13 10 9 11 11 12 10 13 9 14 11
0 9 1 4 2 9 3 6 4 14 5 12 6 9 7 6 8 13 10 8 11 11 12 9 13 12 14 15
0 13 1 10 2 11 3 13 4 8 5 11 6 11 7 7 8 9 9 8 11 10 12 10 13 9 14 11
0 11 1 7 2 9 3 6 4 17 5 3 6 6 7 7 8 11 9 11 10 10 12 8 13 14 14 15
0 7 1 10 2 7 3 10 4 10 5 9 6 12 7 11 8 10 9 9 10 10 11 8 13 3 14 7
0 6 1 7 2 8 3 7 4 10 5 10 6 11 7 11 8 9 9 12 10 9 11 14 12 3 14 11
0 13 1 10 2 8 3 6 4 4 5 10 6 14 7 8 8 11 9 15 10 11 11 15 12 7 13 11
