0 3
1 2
2 0
3 0
4 15
5 0
6 3
7 9
8 8
9 18
10 3
11 11
12 18
13 9
14 7
15 2
16 8
17 5
18 4
19 0
20 8
21 5
22 5
23 0
24 11
25 10
26 5
27 5
28 5
29 0
30 18
31 10
32 3
33 15
34 8
35 2
36 2
37 8
38 2
39 3
40 9
41 19
42 7
43 2
44 9
45 7
46 3
47 1
48 18
49 18
50 9
51 12
52 10
53 1
54 4
55 14
56 8
57 9
58 7
59 19
60 15
61 1
62 7
63 19
64 16
65 10
66 13
67 12
68 11
69 19
70 1
71 17
72 13
73 11
74 16
75 6
76 17
77 16
78 1
79 13
80 12
81 6
82 15
83 6
84 19
85 11
86 17
87 12
88 17
89 16
90 10
91 15
92 17
93 11
94 6
95 16
96 14
97 13
98 4
99 13
100 14
101 7
102 13
103 14
104 6
105 19
106 15
107 10
108 1
109 16
110 12
111 14
112 12
113 12
114 6
115 15
116 17
117 1
118 16
119 14
120 14
121 4
122 19
123 4
124 4
125 18
126 4
127 10
128 6
129 13
