92.86663444500616 13227
92.86663444500616 12012
92.86663444500616 11915
92.86663444500616 11791
92.86663444500616 11921
92.86663444500616 12073
92.86663444500616 11970
92.86663444500616 11804
92.86663444500616 11923
92.86663444500616 11843
92.86663444500616 11809
92.86663444500616 11761
92.86663444500616 11757
92.86663444500616 11755
92.86663444500616 11764
92.86663444500616 11758
92.86663444500616 11825
92.86663444500616 11757
92.86663444500616 11753
92.86663444500616 11753
92.86663444500616 11755
92.86663444500616 11769
92.86663444500616 11752
92.86663444500616 11747
92.86663444500616 11750
92.86663444500616 11836
92.86663444500616 12108
92.86663444500616 11809
92.86663444500616 11757
92.86663444500616 11758
92.86663444500616 11760
92.86663444500616 11759
92.86663444500616 11753
92.86663444500616 11759
92.86663444500616 11938
92.86663444500616 11807
92.86663444500616 11770
92.86663444500616 11752
92.86663444500616 11749
92.86663444500616 11760
92.86663444500616 11760
92.86663444500616 11748
92.86663444500616 12148
92.86663444500616 11806
92.86663444500616 11751
92.86663444500616 11748
92.86663444500616 13505
92.86663444500616 11825
92.86663444500616 12837
92.86663444500616 12096
