56.84626481432549 1
56.84626481432549 1
56.84626481432549 1
56.84626481432549 1
56.84626481432549 0
56.84626481432549 0
56.84626481432549 0
56.84626481432549 1
56.84626481432549 1
56.84626481432549 0
56.84626481432549 0
56.84626481432549 0
56.84626481432549 0
56.84626481432549 0
56.84626481432549 0
56.84626481432549 0
56.84626481432549 0
56.84626481432549 1
56.84626481432549 0
56.84626481432549 0
56.84626481432549 0
56.84626481432549 0
56.84626481432549 1
56.84626481432549 1
56.84626481432549 1
56.84626481432549 1
56.84626481432549 1
56.84626481432549 1
56.84626481432549 1
56.84626481432549 1
56.84626481432549 1
56.84626481432549 0
56.84626481432549 0
56.84626481432549 0
56.84626481432549 0
56.84626481432549 0
56.84626481432549 2
56.84626481432549 0
56.84626481432549 0
56.84626481432549 0
56.84626481432549 1
56.84626481432549 1
56.84626481432549 1
56.84626481432549 1
56.84626481432549 0
56.84626481432549 0
56.84626481432549 0
56.84626481432549 0
56.84626481432549 0
56.84626481432549 0
