92.86663444500616 0
92.86663444500616 0
92.86663444500616 0
92.86663444500616 0
92.86663444500616 0
92.86663444500616 0
92.86663444500616 0
92.86663444500616 1
92.86663444500616 0
92.86663444500616 0
92.86663444500616 0
92.86663444500616 1
92.86663444500616 0
92.86663444500616 0
92.86663444500616 0
92.86663444500616 1
92.86663444500616 0
92.86663444500616 0
92.86663444500616 0
92.86663444500616 0
92.86663444500616 1
92.86663444500616 0
92.86663444500616 0
92.86663444500616 0
92.86663444500616 0
92.86663444500616 0
92.86663444500616 0
92.86663444500616 0
92.86663444500616 0
92.86663444500616 0
92.86663444500616 0
92.86663444500616 0
92.86663444500616 0
92.86663444500616 0
92.86663444500616 0
92.86663444500616 1
92.86663444500616 1
92.86663444500616 0
92.86663444500616 0
92.86663444500616 0
92.86663444500616 1
92.86663444500616 0
92.86663444500616 0
92.86663444500616 0
92.86663444500616 0
92.86663444500616 0
92.86663444500616 0
92.86663444500616 0
92.86663444500616 0
92.86663444500616 0
