39.44082321498108 2
63.88233858185683 0
0.0 0
0.0 0
0.0 0
40.36170559417856 0
31.591846590810672 0
0.0 0
0.0 1
0.0 0
0.0 0
0.0 0
40.41652080440532 0
0.0 0
37.13986345359087 0
36.6110129468281 0
0.0 1
0.0 0
0.0 0
42.315479312729856 0
0.0 0
41.84730102494156 0
59.428227880003135 0
0.0 0
31.700451953508992 0
0.0 0
0.0 0
0.0 0
0.0 0
0.0 0
0.0 0
0.0 0
0.0 1
0.0 0
0.0 0
43.29536915355543 0
0.0 0
0.0 0
0.0 0
42.37537266608255 0
0.0 0
0.0 0
0.0 0
50.39017535693044 0
0.0 0
0.0 0
0.0 0
36.16809937855164 0
0.0 0
73.0442828556401 0
