89.07524537224324 77
90.85352053447627 44
83.1133371351662 41
89.07524537224324 39
89.3682201040716 41
89.07524537224324 28
87.02074477674904 29
85.49450284911796 30
86.114629495201 29
92.43537357472277 30
89.27215580398644 29
86.38572009699885 29
89.51830967394544 28
90.9193606396466 28
92.86663444500616 28
92.43537357472277 27
90.88158866700566 28
92.43537357472277 27
90.38500861436977 27
92.43537357472277 27
89.6339208880842 28
89.27215580398644 28
89.9048613220078 27
89.6339208880842 28
92.43537357472277 27
87.72045059041166 29
88.25720799693822 27
92.13212328070081 29
84.83028936022953 28
92.86663444500616 28
92.86663444500616 29
90.72106820484473 28
92.86663444500616 28
90.9193606396466 28
92.86663444500616 28
92.43537357472277 30
92.13212328070081 28
92.43537357472277 28
92.13212328070081 28
90.85352053447627 28
90.9193606396466 29
89.51830967394544 28
90.9193606396466 28
90.38500861436977 28
86.38572009699885 28
89.9048613220078 29
92.43537357472277 29
87.13661079759346 29
87.89960899015982 28
86.51905978279964 29
