0 17
1 18
2 45
3 49
4 37
5 48
6 11
7 9
8 39
9 28
10 41
11 42
12 41
13 34
14 0
15 47
16 9
17 35
18 43
19 38
20 6
21 5
22 48
23 38
24 0
25 37
26 10
27 21
28 45
29 8
30 5
31 5
32 2
33 7
34 35
35 3
36 34
37 41
38 34
39 28
40 21
41 23
42 0
43 48
44 41
45 22
46 17
47 36
48 41
49 25
50 22
51 7
52 46
53 21
54 38
55 25
56 12
57 46
58 1
59 42
60 43
61 32
62 1
63 4
64 22
65 13
66 44
67 35
68 44
69 7
70 45
71 36
72 1
73 35
74 12
75 21
76 42
77 3
78 26
79 21
80 2
81 39
82 18
83 20
84 43
85 45
86 30
87 1
88 9
89 29
90 25
91 20
92 23
93 35
94 32
95 32
96 48
97 0
98 16
99 35
100 38
101 47
102 30
103 35
104 20
105 22
106 29
107 33
108 18
109 38
110 8
111 8
112 10
113 11
114 28
115 31
116 34
117 42
118 3
119 32
120 41
121 21
122 25
123 25
124 10
125 21
126 12
127 23
128 33
129 4
130 17
131 1
132 1
133 12
134 25
135 18
136 3
137 27
138 37
139 7
140 12
141 6
142 11
143 2
144 40
145 45
146 13
147 29
148 29
149 28
150 42
151 10
152 49
153 22
154 4
155 18
156 20
157 36
158 38
159 35
160 43
161 17
162 20
163 46
164 49
165 26
166 10
167 40
168 16
169 48
170 48
171 37
172 41
173 16
174 43
175 46
176 11
177 12
178 37
179 6
180 6
181 6
182 26
183 31
184 17
185 32
186 30
187 41
188 15
189 45
190 23
191 24
192 3
193 47
194 37
195 15
196 2
197 15
198 19
199 36
200 43
201 38
202 27
203 19
204 16
205 47
206 24
207 43
208 4
209 49
210 15
211 8
212 19
213 46
214 46
215 31
216 40
217 40
218 34
219 6
220 6
221 0
222 13
223 26
224 34
225 30
226 37
227 29
228 24
229 4
230 33
231 31
232 22
233 47
234 40
235 49
236 25
237 31
238 9
239 9
240 7
241 36
242 29
243 18
244 33
245 17
246 11
247 28
248 26
249 43
250 14
251 2
252 4
253 20
254 5
255 30
256 33
257 48
258 8
259 8
260 31
261 33
262 46
263 19
264 20
265 13
266 19
267 39
268 11
269 0
270 44
271 44
272 47
273 44
274 3
275 47
276 22
277 30
278 39
279 13
280 42
281 3
282 9
283 35
284 17
285 38
286 3
287 15
288 19
289 44
290 38
291 30
292 32
293 36
294 0
295 16
296 30
297 20
298 14
299 44
300 13
301 2
302 14
303 48
304 26
305 17
306 26
307 9
308 26
309 11
310 36
311 10
312 31
313 12
314 38
315 34
316 5
317 37
318 5
319 33
320 47
321 25
322 32
323 14
324 16
325 35
326 44
327 4
328 16
329 6
330 15
331 40
332 14
333 32
334 19
335 22
336 0
337 8
338 34
339 33
340 45
341 20
342 47
343 40
344 13
345 3
346 42
347 9
348 23
349 19
350 15
351 9
352 1
353 27
354 39
355 13
356 10
357 33
358 42
359 16
360 23
361 12
362 14
363 7
364 29
365 37
366 0
367 7
368 36
369 4
370 46
371 25
372 5
373 24
374 27
375 8
376 23
377 1
378 28
379 27
380 13
381 36
382 2
383 18
384 13
385 39
386 44
387 12
388 45
389 17
390 29
391 14
392 8
393 10
394 10
395 27
396 7
397 43
398 49
399 46
400 30
401 27
402 1
403 10
404 41
405 33
406 4
407 32
408 49
409 4
410 14
411 29
412 44
413 43
414 5
415 15
416 9
417 46
418 31
419 28
420 48
421 20
422 48
423 49
424 6
425 21
426 22
427 16
428 41
429 24
430 5
431 22
432 24
433 19
434 7
435 18
436 2
437 15
438 19
439 14
440 1
441 24
442 26
443 45
444 39
445 31
446 11
447 30
448 49
449 24
450 27
451 28
452 18
453 21
454 27
455 24
456 39
457 7
458 40
459 11
460 21
461 26
462 8
463 18
464 16
465 39
466 25
467 37
468 23
469 23
470 28
471 45
472 49
473 29
474 42
475 42
476 12
477 40
478 23
479 0
480 31
481 11
482 34
483 47
484 28
485 15
486 2
487 32
488 39
489 40
490 17
491 34
492 27
493 5
494 2
495 24
496 3
497 36
498 14
499 6
