63.57891119748669 159
63.57891119748669 158
63.57891119748669 156
63.57891119748669 158
63.57891119748669 155
63.57891119748669 155
63.57891119748669 155
63.57891119748669 156
63.57891119748669 156
63.57891119748669 156
63.57891119748669 157
63.57891119748669 158
63.57891119748669 157
63.57891119748669 156
63.57891119748669 156
63.57891119748669 156
63.57891119748669 157
63.57891119748669 156
63.57891119748669 156
63.57891119748669 156
63.57891119748669 156
63.57891119748669 157
63.57891119748669 156
63.57891119748669 156
63.57891119748669 158
63.57891119748669 156
63.57891119748669 156
63.57891119748669 157
63.57891119748669 156
63.57891119748669 159
63.57891119748669 157
63.57891119748669 157
63.57891119748669 156
63.57891119748669 155
63.57891119748669 157
63.57891119748669 158
63.57891119748669 158
63.57891119748669 158
63.57891119748669 156
63.57891119748669 156
63.57891119748669 157
63.57891119748669 157
63.57891119748669 159
63.57891119748669 159
63.57891119748669 156
63.57891119748669 168
63.57891119748669 157
63.57891119748669 161
63.57891119748669 160
63.57891119748669 159
