49.69822676547866 0
49.69822676547866 0
49.69822676547866 0
49.69822676547866 0
49.69822676547866 0
49.69822676547866 0
49.69822676547866 0
49.69822676547866 0
49.69822676547866 0
49.69822676547866 1
49.69822676547866 0
49.69822676547866 0
49.69822676547866 1
49.69822676547866 0
49.69822676547866 0
49.69822676547866 0
49.69822676547866 0
49.69822676547866 0
49.69822676547866 0
49.69822676547866 0
49.69822676547866 0
49.69822676547866 0
49.69822676547866 1
49.69822676547866 0
49.69822676547866 0
49.69822676547866 0
49.69822676547866 0
49.69822676547866 0
49.69822676547866 0
49.69822676547866 0
49.69822676547866 0
49.69822676547866 0
49.69822676547866 0
49.69822676547866 0
49.69822676547866 0
49.69822676547866 0
49.69822676547866 0
49.69822676547866 0
49.69822676547866 0
49.69822676547866 0
49.69822676547866 0
49.69822676547866 0
49.69822676547866 0
49.69822676547866 1
49.69822676547866 0
49.69822676547866 0
49.69822676547866 0
49.69822676547866 0
49.69822676547866 0
49.69822676547866 0
