57.631168298345955 0
57.631168298345955 0
57.631168298345955 0
57.631168298345955 0
57.631168298345955 0
57.631168298345955 1
57.631168298345955 0
57.631168298345955 0
57.631168298345955 0
57.631168298345955 0
57.631168298345955 0
57.631168298345955 0
57.631168298345955 0
57.631168298345955 1
57.631168298345955 0
57.631168298345955 0
57.631168298345955 0
57.631168298345955 0
57.631168298345955 0
57.631168298345955 1
57.631168298345955 0
57.631168298345955 0
57.631168298345955 1
57.631168298345955 0
57.631168298345955 0
57.631168298345955 0
57.631168298345955 0
57.631168298345955 0
57.631168298345955 0
57.631168298345955 0
57.631168298345955 0
57.631168298345955 0
57.631168298345955 1
57.631168298345955 0
57.631168298345955 0
57.631168298345955 0
57.631168298345955 0
57.631168298345955 0
57.631168298345955 0
57.631168298345955 0
57.631168298345955 0
57.631168298345955 0
57.631168298345955 0
57.631168298345955 0
57.631168298345955 0
57.631168298345955 0
57.631168298345955 0
57.631168298345955 0
57.631168298345955 1
57.631168298345955 0
