60.31419935290713 29
59.69060596511227 29
61.64717240160793 24
59.43083478386534 23
61.424410054901166 23
62.71628056706322 24
62.04521054471808 23
60.31419935290713 24
62.98946994954949 22
62.37119354105176 24
62.98946994954949 23
62.19602714075234 28
62.37119354105176 23
62.04521054471808 23
62.98946994954949 23
61.64717240160793 23
60.765923657649346 23
59.43083478386534 23
60.75139430354027 23
56.830549014396205 24
60.31419935290713 23
62.04521054471808 24
59.69060596511227 23
59.526806343144315 23
58.31685754823371 23
62.71628056706322 24
62.04521054471808 24
62.37119354105176 22
57.62347472774998 24
62.37119354105176 23
63.57891119748669 23
61.64717240160793 22
60.765923657649346 24
60.765923657649346 23
62.19602714075234 23
61.64717240160793 23
62.71628056706322 23
62.37119354105176 23
63.57891119748669 23
58.537335550397025 23
62.71628056706322 24
63.57891119748669 23
63.57891119748669 24
55.63514035214966 22
62.37119354105176 24
62.98946994954949 23
62.19602714075234 23
57.34836309990028 23
63.57891119748669 24
63.57891119748669 23
