50.93781765003228 7
50.93781765003228 2
50.93781765003228 1
50.93781765003228 1
50.93781765003228 1
50.93781765003228 1
50.93781765003228 1
50.93781765003228 1
50.93781765003228 1
50.93781765003228 1
50.93781765003228 2
50.93781765003228 1
50.93781765003228 1
50.93781765003228 2
50.93781765003228 1
50.93781765003228 1
50.93781765003228 1
50.93781765003228 1
50.93781765003228 1
50.93781765003228 1
50.93781765003228 2
50.93781765003228 1
50.93781765003228 2
50.93781765003228 1
50.93781765003228 1
50.93781765003228 1
50.93781765003228 1
50.93781765003228 1
50.93781765003228 1
50.93781765003228 0
50.93781765003228 1
50.93781765003228 1
50.93781765003228 0
50.93781765003228 1
50.93781765003228 0
50.93781765003228 0
50.93781765003228 1
50.93781765003228 1
50.93781765003228 1
50.93781765003228 0
50.93781765003228 0
50.93781765003228 0
50.93781765003228 1
50.93781765003228 1
50.93781765003228 0
50.93781765003228 0
50.93781765003228 1
50.93781765003228 1
50.93781765003228 0
50.93781765003228 0
50.93781765003228 8
50.93781765003228 2
50.93781765003228 1
50.93781765003228 1
50.93781765003228 1
50.93781765003228 1
50.93781765003228 1
50.93781765003228 1
50.93781765003228 1
50.93781765003228 1
50.93781765003228 1
50.93781765003228 1
50.93781765003228 1
50.93781765003228 1
50.93781765003228 1
50.93781765003228 1
50.93781765003228 1
50.93781765003228 1
50.93781765003228 1
50.93781765003228 1
50.93781765003228 0
50.93781765003228 1
50.93781765003228 1
50.93781765003228 1
50.93781765003228 1
50.93781765003228 0
50.93781765003228 1
50.93781765003228 1
50.93781765003228 1
50.93781765003228 0
50.93781765003228 1
50.93781765003228 0
50.93781765003228 1
50.93781765003228 0
50.93781765003228 1
50.93781765003228 1
50.93781765003228 1
50.93781765003228 0
50.93781765003228 0
50.93781765003228 1
50.93781765003228 0
50.93781765003228 1
50.93781765003228 0
50.93781765003228 1
50.93781765003228 0
50.93781765003228 1
50.93781765003228 1
50.93781765003228 0
50.93781765003228 1
50.93781765003228 1
