48.738580109896304 0
48.738580109896304 0
48.738580109896304 0
48.738580109896304 0
48.738580109896304 0
48.738580109896304 0
48.738580109896304 0
48.738580109896304 0
48.738580109896304 0
48.738580109896304 0
48.738580109896304 0
48.738580109896304 0
48.738580109896304 0
48.738580109896304 0
48.738580109896304 0
48.738580109896304 0
48.738580109896304 0
48.738580109896304 0
48.738580109896304 0
48.738580109896304 0
48.738580109896304 0
48.738580109896304 0
48.738580109896304 0
48.738580109896304 0
48.738580109896304 0
48.738580109896304 0
48.738580109896304 0
48.738580109896304 0
48.738580109896304 0
48.738580109896304 0
48.738580109896304 0
48.738580109896304 0
48.738580109896304 0
48.738580109896304 0
48.738580109896304 0
48.738580109896304 0
48.738580109896304 0
48.738580109896304 0
48.738580109896304 0
48.738580109896304 0
48.738580109896304 0
48.738580109896304 0
48.738580109896304 0
48.738580109896304 0
48.738580109896304 0
48.738580109896304 0
48.738580109896304 0
48.738580109896304 0
48.738580109896304 0
48.738580109896304 0
