0.0 0
0.0 0
44.23029613854909 0
0.0 0
0.0 0
26.593629094927792 0
0.0 1
0.0 0
0.0 0
0.0 0
0.0 0
36.705920813428364 0
40.636356611611 0
0.0 0
0.0 0
0.0 0
0.0 0
0.0 0
0.0 0
0.0 0
0.0 0
0.0 0
0.0 0
0.0 0
28.60905556095302 0
0.0 0
0.0 0
0.0 0
0.0 0
0.0 0
0.0 0
0.0 0
41.404267253835116 0
25.119824284491735 0
0.0 0
45.24675940085915 0
0.0 0
0.0 0
0.0 0
0.0 0
31.454171709044815 0
0.0 0
44.499911090856656 0
0.0 0
0.0 0
0.0 0
0.0 0
0.0 0
0.0 0
0.0 0
0.0 1
0.0 0
0.0 0
35.96077660189156 0
37.68831919291726 0
0.0 0
0.0 0
0.0 0
0.0 0
0.0 0
0.0 0
0.0 0
0.0 0
38.84193416876126 0
0.0 0
32.64114725272913 0
0.0 0
29.391423416100338 0
0.0 0
0.0 0
0.0 0
22.43702613815787 0
0.0 0
0.0 0
0.0 0
0.0 0
0.0 0
0.0 0
0.0 0
27.78311078819232 0
37.28359350049027 0
0.0 0
0.0 0
0.0 0
38.06139910215417 0
41.18726633665451 0
0.0 0
0.0 0
0.0 0
31.173071176410254 0
0.0 0
31.138514302848456 0
0.0 0
0.0 0
37.57739869109632 0
29.688527275319764 0
0.0 0
0.0 0
0.0 0
0.0 0
