50.93781765003228 47
50.93781765003228 35
50.93781765003228 28
50.93781765003228 25
50.93781765003228 33
50.93781765003228 22
50.93781765003228 18
50.93781765003228 18
50.93781765003228 18
48.738580109896304 17
50.93781765003228 21
50.93781765003228 16
50.93781765003228 16
50.93781765003228 16
50.93781765003228 16
50.93781765003228 16
48.61948377533105 16
50.93781765003228 16
50.93781765003228 16
48.738580109896304 16
48.61948377533105 16
50.93781765003228 16
50.93781765003228 17
50.93781765003228 16
50.93781765003228 16
48.738580109896304 15
50.93781765003228 16
50.93781765003228 16
50.93781765003228 16
50.93781765003228 15
50.93781765003228 16
50.93781765003228 17
50.93781765003228 15
50.93781765003228 16
50.93781765003228 16
50.93781765003228 16
50.93781765003228 15
48.61948377533105 16
50.93781765003228 16
50.93781765003228 19
48.738580109896304 16
50.93781765003228 17
50.93781765003228 17
50.93781765003228 16
50.93781765003228 16
50.93781765003228 17
48.738580109896304 17
50.93781765003228 17
50.93781765003228 17
50.93781765003228 17
