20281.562211511176 25
20281.562211511176 8
20281.562211511176 7
20281.562211511176 7
20281.562211511176 9
20281.562211511176 6
20281.562211511176 6
20281.562211511176 6
20281.562211511176 6
20281.562211511176 5
20281.562211511176 6
20281.562211511176 6
20281.562211511176 6
20281.562211511176 5
20281.562211511176 6
20281.562211511176 5
20281.562211511176 5
20281.562211511176 6
20281.562211511176 6
20281.562211511176 5
20281.562211511176 5
20281.562211511176 5
20281.562211511176 5
20281.562211511176 5
20281.562211511176 7
20281.562211511176 6
20281.562211511176 5
20281.562211511176 5
20281.562211511176 5
20281.562211511176 5
20281.562211511176 5
20281.562211511176 5
20281.562211511176 6
20281.562211511176 7
20281.562211511176 5
20281.562211511176 6
20281.562211511176 6
20281.562211511176 6
20281.562211511176 6
20281.562211511176 6
20281.562211511176 6
20281.562211511176 9
20281.562211511176 9
20281.562211511176 7
20281.562211511176 5
20281.562211511176 5
20281.562211511176 6
20281.562211511176 6
20281.562211511176 5
20281.562211511176 5
