34411.036690649606 1925
34411.036690649606 2010
34411.036690649606 1959
34411.036690649606 1856
34411.036690649606 2018
34411.036690649606 1867
34411.036690649606 2149
34411.036690649606 2043
34411.036690649606 1955
34411.036690649606 1891
34411.036690649606 1884
34411.036690649606 2205
34411.036690649606 2177
34411.036690649606 1921
34411.036690649606 2068
34411.036690649606 2364
34411.036690649606 2044
34411.036690649606 1949
34411.036690649606 2065
34411.036690649606 1915
34411.036690649606 1894
34411.036690649606 2046
34411.036690649606 2093
34411.036690649606 1902
34411.036690649606 1957
34411.036690649606 1930
34411.036690649606 2135
34411.036690649606 2021
34411.036690649606 2130
34411.036690649606 2027
34411.036690649606 2225
34411.036690649606 1913
34411.036690649606 2049
34411.036690649606 2052
34411.036690649606 2104
34411.036690649606 1929
34411.036690649606 1954
34411.036690649606 1779
34411.036690649606 1875
34411.036690649606 2066
34411.036690649606 1929
34411.036690649606 1966
34411.036690649606 1887
34411.036690649606 2184
34411.036690649606 2127
34411.036690649606 2237
34411.036690649606 2139
34411.036690649606 1823
34411.036690649606 2012
34411.036690649606 1903
