17155.98460383173 20
17028.293823297707 8
17304.22101324669 5
17088.857770356393 6
16898.103245708935 3
17648.393532258255 3
17501.362905296995 2
17382.542959951686 2
0.0 4
17431.82385790586 3
16897.811895852807 3
16950.59374400682 2
17375.950908203045 2
0.0 3
17026.645898396848 2
17309.504244830157 3
17383.26511618823 2
17615.668215010806 2
17072.806408671036 2
17227.882100533505 2
17222.10718992711 2
0.0 2
17065.7083327555 3
17282.515563800425 3
17577.714731721422 2
17221.2794266705 3
17219.452501455547 2
17728.55724554006 2
17311.603323407828 2
17277.34261311435 2
17223.49132566719 3
17347.878512563737 2
17216.896681542014 3
0.0 2
17659.220770640637 2
17346.20253372615 2
17592.506709366404 2
16986.36429902733 2
17272.103349049466 2
0.0 2
17419.779674306486 2
17482.00172652984 3
17292.42552729405 2
16661.746030462826 3
16989.214515207073 3
17377.88673037205 2
17290.845345453905 3
17113.14116499733 2
17252.64194145113 3
17301.25357443427 4
