29504.335577717906 56943
29519.41317497839 58877
29510.330487485753 61151
29395.036704188726 62007
29462.674997653023 58479
29506.019348224017 56450
29354.266364098457 56592
29575.412587825438 57006
29209.04210929586 54920
29404.474934672457 55856
29541.406211574253 55352
29483.528376680933 55424
29301.989607012874 55570
29534.954079953328 54897
29473.596964579916 53702
29337.60835846634 53771
29593.063511625227 54555
29208.15708050148 54206
29382.617996247212 53541
29298.31287040658 53934
29269.80896597143 54370
29305.5183655643 52624
29481.420579807927 52766
29453.530632820803 53669
29287.95600195787 53668
29389.044567692214 52687
29272.736709778575 52079
29250.001021497737 53791
29398.8504303495 51841
29230.803536199117 53254
29424.2698769584 52577
29359.04847843171 54463
29270.26474008352 52255
29400.476840109743 52985
29273.831831669737 52787
29433.362416711836 53415
29680.183561429243 50124
29488.281459206653 50200
29605.681820223836 50208
29364.13046200219 49601
29377.948793463594 50002
29227.82336367614 52442
29467.453025687915 53995
29417.589872206758 52929
29262.936780156913 53706
29411.772567921063 51628
29312.077801445146 50105
29322.291284975792 49388
29432.37904738996 49422
29613.110473507986 50202
