1354.4797802928315 0
1354.4797802928315 1
1354.4797802928315 0
1354.4797802928315 1
1354.4797802928315 1
1354.4797802928315 0
1354.4797802928315 0
1354.4797802928315 1
1354.4797802928315 1
1354.4797802928315 0
1354.4797802928315 0
1354.4797802928315 1
1354.4797802928315 1
1354.4797802928315 0
1354.4797802928315 1
1354.4797802928315 1
1354.4797802928315 0
1354.4797802928315 0
1354.4797802928315 0
1354.4797802928315 0
1354.4797802928315 0
1354.4797802928315 0
1354.4797802928315 0
1354.4797802928315 0
1354.4797802928315 0
1354.4797802928315 0
1354.4797802928315 0
1354.4797802928315 0
1354.4797802928315 0
1354.4797802928315 1
1354.4797802928315 1
1354.4797802928315 0
1354.4797802928315 0
1354.4797802928315 0
1354.4797802928315 0
1354.4797802928315 0
1354.4797802928315 0
1354.4797802928315 0
1354.4797802928315 0
1354.4797802928315 0
1354.4797802928315 1
1354.4797802928315 1
1354.4797802928315 0
1354.4797802928315 0
1354.4797802928315 1
1354.4797802928315 0
1354.4797802928315 0
1354.4797802928315 0
1354.4797802928315 1
1354.4797802928315 0
