1951.9102119542015 3
1951.9102119542015 2
1951.9102119542015 2
1951.9102119542015 2
1951.9102119542015 2
1951.9102119542015 2
1951.9102119542015 2
1951.9102119542015 2
1951.9102119542015 1
1951.9102119542015 2
1951.9102119542015 2
1951.9102119542015 1
1951.9102119542015 2
1951.9102119542015 2
1951.9102119542015 1
1951.9102119542015 2
1951.9102119542015 1
1951.9102119542015 2
1951.9102119542015 2
1951.9102119542015 1
1951.9102119542015 1
1951.9102119542015 1
1951.9102119542015 1
1951.9102119542015 1
1951.9102119542015 1
1951.9102119542015 1
1951.9102119542015 1
1951.9102119542015 1
1951.9102119542015 1
1951.9102119542015 1
1951.9102119542015 1
1951.9102119542015 2
1951.9102119542015 2
1951.9102119542015 2
1951.9102119542015 1
1951.9102119542015 1
1951.9102119542015 1
1951.9102119542015 1
1951.9102119542015 2
1951.9102119542015 2
1951.9102119542015 1
1951.9102119542015 1
1951.9102119542015 1
1951.9102119542015 1
1951.9102119542015 1
1951.9102119542015 1
1951.9102119542015 1
1951.9102119542015 1
1951.9102119542015 1
1951.9102119542015 1
