0.0 3
0.0 1
1068.1997071936653 1
973.2222342595309 1
0.0 0
0.0 0
1028.3004298473336 0
0.0 0
1015.695871210532 0
1058.924129078591 0
0.0 1
0.0 1
0.0 0
1004.0188744454465 0
0.0 1
0.0 0
0.0 0
0.0 1
0.0 0
1022.722619154934 0
0.0 0
0.0 1
1060.4272457270974 0
0.0 0
1004.7366628705558 0
0.0 0
1093.407033805797 1
0.0 0
0.0 0
0.0 0
0.0 0
0.0 1
0.0 0
1011.5986268295522 0
0.0 0
1049.5605450655873 0
0.0 1
0.0 0
0.0 0
0.0 0
998.8385321872825 0
0.0 0
956.1669208823464 0
1033.7896945007533 0
1047.3365546982336 0
0.0 0
0.0 0
0.0 0
0.0 0
0.0 0
