1852.0135137175716 787
1853.60137307007 784
1859.119479178052 817
1839.867314591914 763
1836.4777644936255 810
1887.1814346637682 853
1857.047800445815 816
1844.7052352989822 840
1788.213571297426 762
1879.37678917802 822
1883.6325975958403 839
1857.820692951828 819
1854.5076289599235 758
1848.3704396219428 767
1840.0799568597245 809
1856.8197134553818 831
1865.1495505324788 804
1838.3798373508112 847
1839.4407333122779 811
1842.925425135797 817
1840.9424869168804 784
1831.6084177436437 782
1844.0966294013604 853
1834.6431420219142 790
1802.7375021386708 783
1843.0887893391432 798
1830.5278592179322 803
1847.8031075163135 805
1865.482913142396 804
1863.1292436400686 812
1831.9711456285443 802
1853.0122217778319 810
1844.9868202644768 822
1875.5715885184 851
1856.6950228505202 893
1837.7961845209225 788
1840.1149528071278 788
1820.308907150675 812
1878.4396230126956 821
1815.7111469960457 745
1839.0306031722164 796
1823.9138799531756 785
1847.8408257425776 814
1825.0220813054111 746
1844.8184184032934 826
1862.4074274168293 835
1839.6113697882083 865
1841.3979181863112 1395
1842.492045422089 984
1816.9322617852542 1104
