1981.411847619605 1
1981.411847619605 1
1981.411847619605 0
1981.411847619605 0
1981.411847619605 1
1981.411847619605 1
1981.411847619605 0
1981.411847619605 0
1981.411847619605 1
1981.411847619605 1
1981.411847619605 0
1981.411847619605 0
1981.411847619605 0
1981.411847619605 0
1981.411847619605 1
1981.411847619605 0
1981.411847619605 0
1981.411847619605 0
1981.411847619605 1
1981.411847619605 0
1981.411847619605 0
1981.411847619605 1
1981.411847619605 1
1981.411847619605 0
1981.411847619605 0
1981.411847619605 1
1981.411847619605 1
1981.411847619605 0
1981.411847619605 0
1981.411847619605 1
1981.411847619605 1
1981.411847619605 0
1981.411847619605 0
1981.411847619605 1
1981.411847619605 1
1981.411847619605 0
1981.411847619605 0
1981.411847619605 0
1981.411847619605 1
1981.411847619605 1
1981.411847619605 1
1981.411847619605 0
1981.411847619605 0
1981.411847619605 0
1981.411847619605 0
1981.411847619605 0
1981.411847619605 0
1981.411847619605 0
1981.411847619605 0
1981.411847619605 1
