3380.7600660612266 15
3380.7600660612266 14
3380.7600660612266 15
3380.7600660612266 14
3380.7600660612266 14
3380.7600660612266 14
3380.7600660612266 15
3380.7600660612266 14
3380.7600660612266 15
3380.7600660612266 13
3380.7600660612266 14
3380.7600660612266 13
3380.7600660612266 13
3380.7600660612266 13
3380.7600660612266 13
3380.7600660612266 14
3380.7600660612266 13
3380.7600660612266 14
3380.7600660612266 13
3380.7600660612266 13
3380.7600660612266 13
3380.7600660612266 14
3380.7600660612266 13
3380.7600660612266 13
3380.7600660612266 14
3380.7600660612266 13
3380.7600660612266 14
3380.7600660612266 13
3380.7600660612266 14
3380.7600660612266 14
3380.7600660612266 13
3380.7600660612266 13
3380.7600660612266 14
3380.7600660612266 14
3380.7600660612266 14
3380.7600660612266 13
3380.7600660612266 13
3380.7600660612266 13
3380.7600660612266 13
3380.7600660612266 14
3380.7600660612266 13
3380.7600660612266 13
3380.7600660612266 13
3380.7600660612266 14
3380.7600660612266 13
3380.7600660612266 13
3380.7600660612266 13
3380.7600660612266 14
3380.7600660612266 13
3380.7600660612266 13
