1623.7684581681503 3
1410.9541667462126 1
1621.7497150681575 1
1651.0218362419378 1
1468.211799615064 1
1594.6181430018933 2
1503.1650860348423 1
1564.711429956024 1
1604.316563277881 0
1660.8270561208237 0
1697.0484072730412 1
1563.3029537994116 0
1553.4476520240762 1
1609.8677717656478 0
1559.6158178031055 0
1575.4033833396727 0
1592.491473463915 0
1617.3259317075292 0
1536.6780325429802 0
1671.656628577003 0
1553.465542030976 0
1736.2102362679163 0
1653.3520309160485 1
1693.2759735006512 0
0.0 1
1581.2503124967695 0
1714.3972393048782 1
1657.6928989147864 1
1644.4549251991816 1
1517.8062144899288 0
1607.6533803745908 1
1497.5890197401216 1
1652.1960125513547 1
1621.6992129764167 1
1590.888024444772 1
1561.0495598253046 0
1602.1405375139925 0
1559.60291981484 1
1576.6243429126453 1
1614.2047525443538 1
1553.2856808595793 0
1536.0802229958354 1
0.0 0
1540.5425674927847 1
1535.0122439842598 0
1665.3909983371764 1
1692.1188633683385 0
1618.0281055923806 0
1508.7880461681877 1
1516.094517086617 0

1559.9639984886135 2
1641.7615655794596 1
1648.2487399496079 2
1489.2192148050954 1
0.0 0
1649.978377389112 2
1662.3871364237743 2
1495.453095043248 1
1625.3550026095006 0
0.0 0
1508.2340789381844 1
1501.907185962905 0
1599.57568504682 0
1553.088360649418 1
1548.2876660850254 1
1529.6586103632967 1
0.0 1
1602.122032095394 0
1552.681810637112 1
1475.5601027175815 0
1496.071589121583 0
1590.731514505285 1
1564.9701659448515 0
1559.0649972498834 0
1659.352012353475 0
1594.0795592840548 0
1600.758532552135 0
1563.36905891729 0
1552.3331235931832 1
1485.4520244958183 0
1614.1683722337307 0
1597.8162006663438 1
1539.3077525852925 0
1558.3735125242808 0
1489.9066089515486 0
1603.3311771501897 1
1621.374621782517 0
1626.034331149539 0
1545.8316937092197 0
1583.2971889507037 1
1701.2572159035765 0
0.0 0
1480.8173592093092 1
1562.2511710717595 0
1653.3839469269228 0
1731.870024104233 1
1638.1188900215695 0
1549.8389255596999 0
1643.3283574279449 1
1579.6447930140187 0
