3274.1993843102414 2453
3251.212734558552 2544
3253.5477670312357 2474
3255.6749372028244 2586
3215.29618629868 2455
3258.1795231142787 2530
3252.514909097243 2452
3275.474070246039 2762
3248.8188394089375 2784
3262.731902315293 2493
3237.120554109302 2470
3251.4991955994974 2549
3257.737212771567 2513
3273.6029099270377 2537
3221.343032469294 2557
3256.1259436927303 2576
3243.1147315254116 2517
3269.9325806452734 2550
3277.492309059275 2580
3255.9587307690003 2526
3260.944758389112 2546
3263.5541698402526 2502
3226.027367062157 2496
3255.671243983798 2527
3236.122238640737 2458
3239.1326298722533 2518
3240.366124995727 2589
3262.7176996549233 2483
3255.70601827185 2478
3267.193216792827 2541
3281.0355428803205 2564
3242.274877781639 2514
3262.2352413754575 2437
3260.6869425587756 2525
3253.1305744609163 2474
3265.8779671343345 2475
3266.402848440145 2526
3258.319966376498 2546
3235.6797211890316 2533
3245.9631133041057 2583
3250.3563099663916 2481
3246.783250074701 2477
3258.1971436306476 2542
3216.329952347286 2529
3237.999338061257 2491
3265.3215383666125 2511
3244.867311760223 2439
3260.2885971560922 2495
3227.1427911215014 2578
3250.0139743111445 2498
