8102.485280788866 2
8102.485280788866 1
8102.485280788866 2
8102.485280788866 1
8102.485280788866 1
8102.485280788866 1
8102.485280788866 1
8102.485280788866 1
8102.485280788866 1
8102.485280788866 1
8102.485280788866 1
8102.485280788866 2
8102.485280788866 1
8102.485280788866 1
8102.485280788866 1
8102.485280788866 1
8102.485280788866 1
8102.485280788866 1
8102.485280788866 1
8102.485280788866 2
8102.485280788866 1
8102.485280788866 1
8102.485280788866 1
8102.485280788866 1
8102.485280788866 1
8102.485280788866 1
8102.485280788866 1
8102.485280788866 1
8102.485280788866 1
8102.485280788866 2
8102.485280788866 1
8102.485280788866 2
8102.485280788866 2
8102.485280788866 1
8102.485280788866 1
8102.485280788866 2
8102.485280788866 1
8102.485280788866 1
8102.485280788866 2
8102.485280788866 1
8102.485280788866 1
8102.485280788866 1
8102.485280788866 2
8102.485280788866 2
8102.485280788866 2
8102.485280788866 2
8102.485280788866 1
8102.485280788866 2
8102.485280788866 1
8102.485280788866 1
