14238.977320804672 107
14238.977320804672 107
14238.977320804672 110
14238.977320804672 104
14238.977320804672 100
14238.977320804672 100
14238.977320804672 102
14238.977320804672 101
14238.977320804672 100
14238.977320804672 101
14238.977320804672 100
14238.977320804672 100
14238.977320804672 100
14238.977320804672 100
14238.977320804672 100
14238.977320804672 100
14238.977320804672 103
14238.977320804672 100
14238.977320804672 101
14238.977320804672 100
14238.977320804672 101
14238.977320804672 100
14238.977320804672 101
14238.977320804672 101
14238.977320804672 100
14238.977320804672 102
14238.977320804672 100
14238.977320804672 100
14238.977320804672 100
14238.977320804672 101
14238.977320804672 100
14238.977320804672 100
14238.977320804672 99
14238.977320804672 101
14238.977320804672 100
14238.977320804672 101
14238.977320804672 101
14238.977320804672 100
14238.977320804672 101
14238.977320804672 100
14238.977320804672 100
14238.977320804672 101
14238.977320804672 101
14238.977320804672 101
14238.977320804672 101
14238.977320804672 101
14238.977320804672 100
14238.977320804672 101
14238.977320804672 101
14238.977320804672 100
