6845.996506746245 0
6809.678129513138 0
6970.149926665523 0
6743.797431097378 1
0.0 1
6792.022118273238 1
6719.539777566601 1
6718.286363317952 0
6834.848977338041 0
6912.43093634469 0
6929.4272222877335 1
7122.0067398099245 1
6942.562754595328 1
6832.2389605180615 1
0.0 1
6829.029828640073 1
6930.003030988094 0
6904.189739582401 0
6604.674270312175 0
6854.7972428433295 0
6803.293612462201 0
6758.09380983144 1
6862.140809502033 1
6649.579378757658 1
6833.36889353344 0
6752.895153939514 0
6613.83495146242 0
6748.104009264947 0
7003.392102212394 0
6560.578239190357 0
6612.92931906492 1
6716.099208586106 1
6720.475129419781 0
6835.910454940937 0
6755.147455130333 0
6777.298246346475 0
6726.535005399592 0
6683.77579798235 1
6742.212998302944 1
6631.125642117658 0
6857.168154320098 0
6729.349015006185 0
6627.5761216894925 1
6815.910621926934 1
6800.185387371829 1
6932.146800880666 0
6899.715462683199 0
0.0 0
6667.820436441992 0
6897.65050855885 1
