13057.765124083433 13169
13038.62206545424 13376
13055.142135587765 13235
13075.584258975341 13739
13042.094357076894 13803
13111.871566905094 13739
13131.743728175947 13535
13114.791100215423 13539
13057.060572144677 13694
13028.051527413425 13587
13066.337467828342 13415
13140.093661911013 13714
13096.259386328686 13338
13058.785617403619 12965
13091.392982529738 13206
13140.037759174498 13418
13067.486227104006 13239
13020.992877078406 13099
13105.927107137042 13451
12995.495912110913 12923
13125.830677717919 13285
13014.676506913032 13442
13096.23649383052 13201
13095.360060452273 13252
12992.37480964305 13060
13097.45352806616 13331
13023.536395230405 13258
12977.684897996067 13123
13048.809710519225 13039
13076.982683973642 13296
13089.212140682317 13159
12964.225046482112 13036
13108.849527909835 13379
13000.326838924282 13338
13034.751256593612 13150
13126.452718849878 13526
13063.927390898576 13357
13042.509260686042 13027
13163.47291158838 13528
13065.15302889386 13321
13057.16351224309 13365
13163.12029641619 13638
13044.222573567742 13273
13045.352798973292 13361
13061.863974417112 13056
13093.195949886025 13649
13121.712579275953 13585
13046.781846220272 13027
13091.656746130324 13330
13044.933645429935 13351
